898.735	14707.04
900.365	15026.21
901.994	15328.75
903.623	15577.23
905.253	15868.34
906.882	16105.38
908.511	16366.34
910.14	16569.07
911.768	16801.95
913.397	17060.83
915.026	17375.85
916.654	17733.49
918.282	18286.59
919.911	18904.15
921.539	19657.9
923.167	20424.13
924.795	21213.23
926.422	21910.85
928.05	22527.36
929.678	23039.92
931.305	23399.64
932.932	23640.84
934.56	23772.88
936.187	23885.16
937.814	23969.37
939.44	24069.18
941.067	24148.19
942.694	24266.72
944.32	24360.29
945.947	24438.26
947.573	24476.73
949.199	24427.86
950.825	24278.15
952.451	23991.21
954.077	23565.98
955.703	23058.63
957.328	22536.72
958.954	21935.8
960.579	21465.87
962.204	20955.4
963.829	20545.77
965.454	20162.14
967.079	19881.43
968.704	19629.83
970.329	19462.44
971.953	19378.23
973.578	19468.68
975.202	19688.05
976.826	20133.03
978.45	20681.97
980.074	21119.66
981.698	21435.72
983.321	21493.94
984.945	21363.98
986.568	21060.4
988.191	20479.23
989.815	19781.62
991.438	19105.84
993.061	18580.81
994.683	18071.38
996.306	17632.64
997.929	17238.61
999.551	16947.51
1001.173	16860.17
1002.795	16992.21
1004.417	17382.08
1006.039	18185.74
1007.661	19405.26
1009.283	20902.37
1010.904	22516.97
1012.526	23838.38
1014.147	24577.57
1015.768	24599.41
1017.389	23925.71
1019.01	22628.21
1020.63	20901.33
1022.251	19077.77
1023.871	17467.34
1025.492	16220.78
1027.112	15450.39
1028.732	14860.91
1030.352	14402.42
1031.972	14018.78
1033.591	13764.07
1035.211	13479.2
1036.83	13131.95
1038.45	12670.34
1040.069	12094.37
1041.688	11425.87
1043.307	10646.12
1044.925	9816.47
1046.544	8989.94
1048.162	8233.07
1049.781	7619.67
1051.399	7136.23
1053.017	6730.76
1054.635	6382.48
1056.253	6074.74
1057.87	5779.47
1059.488	5496.69
1061.105	5224.29
1062.722	4986.21
1064.339	4764.76
1065.956	4554.75
1067.573	4371.77
1069.19	4201.27
1070.806	4051.56
1072.423	3908.08
1074.039	3797.88
1075.655	3680.4
1077.271	3565
1078.887	3458.95
1080.502	3358.1
1082.118	3266.61
1083.733	3176.16
1085.348	3077.4
1086.963	2986.94
1088.578	2892.34
1090.193	2811.24
1091.808	2733.27
1093.422	2657.37
1095.037	2570.04
1096.651	2496.22
1098.265	2407.85
1099.879	2337.16
1101.493	2265.42
1103.106	2183.29
1104.72	2118.83
1106.333	2038.77
1107.946	1981.59
1109.559	1925.45
1111.172	1859.95
1112.785	1795.49
1114.398	1739.35
1116.01	1686.33
1117.622	1635.39
1119.234	1577.16
1120.846	1528.3
1122.458	1475.28
1124.07	1425.37
1125.681	1379.63
1127.293	1327.65
1128.904	1283.98
1130.515	1232
1132.126	1200.81
1133.737	1152.98
1135.347	1115.56
1136.958	1077.09
1138.568	1041.74
1140.178	1001.19
1141.788	970
1143.398	931.54
1145.008	900.35
1146.617	867.08
1148.227	830.69
1149.836	803.66
1151.445	768.31
1153.054	749.6
1154.663	710.09
1156.271	684.1
1157.88	660.18
1159.488	633.15
1161.096	612.36
1162.704	590.53
1164.312	567.65
1165.92	545.82
1167.527	534.39
1169.134	512.55
1170.741	491.76
1172.348	480.32
1173.955	461.61
1175.562	440.82
1177.168	428.34
1178.775	406.51
1180.381	390.91
1181.987	379.48
1183.593	367
1185.199	351.41
1186.804	339.97
1188.409	327.49
1190.015	316.06
1191.62	301.5
1193.225	295.26
1194.829	290.07
1196.434	283.83
1198.038	275.51
1199.642	266.15
1201.246	259.92
1202.85	256.8
1204.454	248.48
1206.057	237.04
1207.661	238.08
1209.264	230.8
1210.867	227.69
1212.47	216.25
1214.073	215.21
1215.675	202.73
1217.277	207.93
1218.88	192.34
1220.482	190.26
1222.083	186.1
1223.685	188.18
1225.287	172.58
1226.888	175.7
1228.489	169.46
1230.09	162.19
1231.691	171.54
1233.292	162.19
1234.892	158.03
1236.492	152.83
1238.092	152.83
1239.692	152.83
1241.292	148.67
1242.892	141.39
1244.491	144.51
1246.09	146.59
1247.689	136.2
1249.288	136.2
1250.887	123.72
1252.485	132.04
1254.084	126.84
1255.682	126.84
1257.28	122.68
1258.878	121.64
1260.475	114.36
1262.073	119.56
1263.67	115.4
1265.267	110.2
1266.864	108.12
1268.461	100.85
1270.057	107.09
1271.654	108.12
1273.25	99.81
1274.846	98.77
1276.442	97.73
1278.037	90.45
1279.633	94.61
1281.228	83.17
1282.823	89.41
1284.418	93.57
1286.013	92.53
1287.608	85.25
1289.202	86.29
1290.796	82.13
1292.39	80.05
1293.984	80.05
1295.577	74.86
1297.171	75.9
1298.764	73.82
1300.357	73.82
1301.95	68.62
1303.543	76.93
1305.135	68.62
1306.728	68.62
1308.32	65.5
1309.912	65.5
1311.503	66.54
1313.095	62.38
1314.686	61.34
1316.277	65.5
1317.868	53.02
1319.459	61.34
1321.05	49.9
1322.64	57.18
1324.23	53.02
1325.82	51.98
1327.41	45.75
1329	56.14
1330.589	51.98
1332.179	41.59
1333.768	43.67
1335.357	49.9
1336.945	44.71
1338.534	47.82
1340.122	47.82
1341.71	44.71
1343.298	42.63
1344.886	45.75
1346.473	39.51
1348.06	40.55
1349.648	37.43
1351.234	40.55
1352.821	36.39
1354.408	36.39
1355.994	38.47
1357.58	35.35
1359.166	35.35
1360.752	35.35
1362.337	30.15
1363.923	35.35
1365.508	31.19
1367.093	32.23
1368.677	35.35
1370.262	40.55
1371.846	39.51
1373.43	30.15
1375.014	28.07
1376.598	40.55
1378.181	43.67
1379.765	35.35
1381.348	32.23
1382.931	33.27
1384.513	31.19
1386.096	36.39
1387.678	28.07
1389.26	28.07
1390.842	28.07
1392.424	41.59
1394.005	25.99
1395.586	25.99
1397.168	31.19
1398.748	23.91
1400.329	29.11
1401.909	25.99
1403.49	20.79
1405.07	23.91
1406.649	25.99
1408.229	25.99
1409.808	21.83
1411.388	25.99
1412.967	21.83
1414.545	29.11
1416.124	28.07
1417.702	28.07
1419.28	21.83
1420.858	33.27
1422.436	28.07
1424.013	25.99
1425.591	28.07
1427.168	24.95
1428.745	23.91
1430.321	28.07
1431.898	27.03
1433.474	33.27
1435.05	38.47
1436.626	25.99
1438.201	28.07
1439.777	25.99
1441.352	32.23
1442.927	39.51
1444.501	40.55
1446.076	47.82
1447.65	49.9
1449.224	50.94
1450.798	55.1
1452.372	59.26
1453.945	65.5
1455.518	67.58
1457.091	80.05
1458.664	94.61
1460.236	99.81
1461.809	102.93
1463.381	111.24
1464.953	139.31
1466.524	167.39
1468.096	206.89
1469.667	260.95
1471.238	329.57
1472.809	412.75
1474.379	491.76
1475.949	566.61
1477.519	617.56
1479.089	647.71
1480.659	670.58
1482.228	680.98
1483.798	691.37
1485.366	702.81
1486.935	716.33
1488.504	736.08
1490.072	750.63
1491.64	768.31
1493.208	778.71
1494.776	779.75
1496.343	775.59
1497.91	768.31
1499.477	766.23
1501.044	759.99
1502.61	754.79
1504.176	754.79
1505.742	761.03
1507.308	746.48
1508.874	732.96
1510.439	726.72
1512.004	747.52
1513.569	804.7
1515.134	926.34
1516.698	1105.16
1518.262	1329.73
1519.826	1591.72
1521.39	1803.81
1522.953	1987.83
1524.517	2119.87
1526.08	2226.95
1527.642	2349.63
1529.205	2483.75
1530.767	2631.38
1532.329	2815.4
1533.891	2998.38
1535.453	3103.39
1537.014	3138.74
1538.575	3122.1
1540.136	3042.05
1541.697	2923.53
1543.257	2792.53
1544.817	2684.4
1546.377	2577.32
1547.937	2425.53
1549.497	2223.83
1551.056	1997.19
1552.615	1763.26
1554.174	1533.5
1555.732	1347.4
1557.29	1238.24
1558.848	1222.64
1560.406	1283.98
1561.964	1401.46
1563.521	1562.61
1565.078	1752.87
1566.635	1935.85
1568.192	2100.11
1569.748	2223.83
1571.304	2309.09
1572.86	2352.75
1574.416	2343.39
1575.971	2302.85
1577.526	2203.04
1579.081	2086.6
1580.636	1949.36
1582.19	1794.45
1583.744	1636.43
1585.298	1460.72
1586.852	1304.77
1588.405	1163.38
1589.958	1058.37
1591.511	974.16
1593.064	898.27
1594.616	843.16
1596.169	794.3
1597.721	759.99
1599.272	738.16
1600.824	735.04
1602.375	749.6
1603.926	784.94
1605.477	832.77
1607.027	896.19
1608.577	964.8
1610.127	1042.78
1611.677	1115.56
1613.226	1187.29
1614.775	1248.63
1616.324	1290.22
1617.873	1326.61
1619.422	1333.88
1620.97	1323.49
1622.518	1294.38
1624.065	1256.95
1625.613	1202.89
1627.16	1173.78
1628.707	1130.11
1630.253	1086.45
1631.8	1044.86
1633.346	1009.51
1634.892	963.77
1636.438	913.86
1637.983	848.36
1639.528	783.9
1641.073	723.6
1642.618	672.66
1644.162	625.88
1645.706	592.61
1647.25	561.42
1648.793	552.06
1650.337	540.62
1651.88	527.11
1653.423	521.91
1654.965	509.43
1656.507	504.24
1658.049	519.83
1659.591	520.87
1661.133	532.31
1662.674	538.54
1664.215	555.18
1665.756	567.65
1667.296	583.25
1668.836	594.69
1670.376	616.52
1671.916	627.95
1673.455	647.71
1674.994	661.22
1676.533	687.22
1678.072	696.57
1679.61	719.45
1681.148	739.2
1682.686	766.23
1684.224	780.79
1685.761	808.86
1687.298	824.45
1688.835	835.89
1690.371	865
1691.907	890.99
1693.443	915.94
1694.979	935.69
1696.514	970
1698.049	997.03
1699.584	1017.83
1701.119	1046.94
1702.653	1072.93
1704.187	1101
1705.721	1129.07
1707.255	1155.06
1708.788	1184.17
1710.321	1221.6
