898.735	15016.86
900.365	15333.95
901.994	15637.53
903.623	15874.58
905.253	16161.52
906.882	16392.33
908.511	16643.93
910.14	16831.06
911.768	17063.95
913.397	17322.82
915.026	17621.21
916.654	17987.17
918.282	18538.19
919.911	19168.22
921.539	19923.01
923.167	20685.09
924.795	21472.11
926.422	22162.44
928.05	22778.96
929.678	23260.32
931.305	23622.13
932.932	23863.33
934.56	23998.48
936.187	24131.56
937.814	24232.41
939.44	24356.13
941.067	24485.04
942.694	24659.71
944.32	24840.61
945.947	25009.03
947.573	25149.39
949.199	25157.7
950.825	25040.22
952.451	24748.08
954.077	24287.51
955.703	23728.17
957.328	23109.57
958.954	22444.19
960.579	21923.32
962.204	21429.48
963.829	21025.05
965.454	20673.65
967.079	20451.16
968.704	20259.86
970.329	20168.37
971.953	20196.44
973.578	20459.48
975.202	20960.6
976.826	21808.96
978.45	22797.68
980.074	23643.96
981.698	24244.88
983.321	24478.81
984.945	24387.32
986.568	24029.67
988.191	23256.17
989.815	22291.36
991.438	21418.05
993.061	20769.3
994.683	20147.58
996.306	19633.99
997.929	19204.61
999.551	18931.18
1001.173	18954.05
1002.795	19301.3
1004.417	20068.57
1006.039	21480.43
1007.661	23559.75
1009.283	26073.65
1010.904	28754.93
1012.526	30912.23
1014.147	32104.72
1015.768	32165.02
1017.389	31153.43
1019.01	29171.83
1020.63	26550.85
1022.251	23834.22
1023.871	21489.78
1025.492	19798.26
1027.112	18773.15
1028.732	18038.11
1030.352	17489.17
1031.972	17057.71
1033.591	16774.92
1035.211	16470.3
1036.83	16056.52
1038.45	15456.63
1040.069	14690.4
1041.688	13768.22
1043.307	12698.41
1044.925	11519.44
1046.544	10360.22
1048.162	9330.95
1049.781	8527.3
1051.399	7913.9
1053.017	7406.54
1054.635	6975.08
1056.253	6590.41
1057.87	6220.29
1059.488	5868.88
1061.105	5534.11
1062.722	5233.65
1064.339	4962.3
1065.956	4713.82
1067.573	4490.29
1069.19	4306.27
1070.806	4130.57
1072.423	3983.98
1074.039	3851.94
1075.655	3728.22
1077.271	3612.82
1078.887	3500.54
1080.502	3405.93
1082.118	3311.32
1083.733	3219.83
1085.348	3109.62
1086.963	3020.21
1088.578	2919.37
1090.193	2837.23
1091.808	2760.3
1093.422	2679.21
1095.037	2592.91
1096.651	2513.9
1098.265	2428.65
1099.879	2351.71
1101.493	2273.74
1103.106	2199.92
1104.72	2117.79
1106.333	2045.01
1107.946	1979.51
1109.559	1928.57
1111.172	1849.56
1112.785	1795.49
1114.398	1739.35
1116.01	1683.21
1117.622	1633.31
1119.234	1574.05
1120.846	1522.06
1122.458	1473.2
1124.07	1421.22
1125.681	1371.31
1127.293	1322.45
1128.904	1270.47
1130.515	1221.6
1132.126	1185.21
1133.737	1147.79
1135.347	1107.24
1136.958	1069.81
1138.568	1028.22
1140.178	995.99
1141.788	959.61
1143.398	927.38
1145.008	904.5
1146.617	866.04
1148.227	830.69
1149.836	809.9
1151.445	773.51
1153.054	745.44
1154.663	710.09
1156.271	688.26
1157.88	658.11
1159.488	636.27
1161.096	612.36
1162.704	590.53
1164.312	569.73
1165.92	543.74
1167.527	535.43
1169.134	506.31
1170.741	492.8
1172.348	475.12
1173.955	459.53
1175.562	442.9
1177.168	420.02
1178.775	406.51
1180.381	390.91
1181.987	379.48
1183.593	361.8
1185.199	353.48
1186.804	341.01
1188.409	327.49
1190.015	316.06
1191.62	304.62
1193.225	292.14
1194.829	285.91
1196.434	282.79
1198.038	268.23
1199.642	261.99
1201.246	255.76
1202.85	249.52
1204.454	245.36
1206.057	237.04
1207.661	236
1209.264	223.53
1210.867	223.53
1212.47	217.29
1214.073	207.93
1215.675	200.65
1217.277	201.69
1218.88	199.61
1220.482	189.22
1222.083	186.1
1223.685	181.94
1225.287	172.58
1226.888	171.54
1228.489	171.54
1230.09	164.27
1231.691	169.46
1233.292	153.87
1234.892	158.03
1236.492	151.79
1238.092	145.55
1239.692	148.67
1241.292	148.67
1242.892	147.63
1244.491	140.35
1246.09	142.43
1247.689	137.24
1249.288	136.2
1250.887	125.8
1252.485	132.04
1254.084	120.6
1255.682	121.64
1257.28	123.72
1258.878	121.64
1260.475	113.32
1262.073	113.32
1263.67	111.24
1265.267	112.28
1266.864	110.2
1268.461	100.85
1270.057	106.05
1271.654	107.09
1273.25	98.77
1274.846	100.85
1276.442	95.65
1278.037	88.37
1279.633	96.69
1281.228	90.45
1282.823	93.57
1284.418	92.53
1286.013	92.53
1287.608	84.21
1289.202	85.25
1290.796	84.21
1292.39	75.9
1293.984	80.05
1295.577	76.93
1297.171	75.9
1298.764	74.86
1300.357	73.82
1301.95	72.78
1303.543	70.7
1305.135	74.86
1306.728	68.62
1308.32	70.7
1309.912	73.82
1311.503	66.54
1313.095	64.46
1314.686	59.26
1316.277	62.38
1317.868	58.22
1319.459	61.34
1321.05	55.1
1322.64	59.26
1324.23	57.18
1325.82	46.78
1327.41	55.1
1329	48.86
1330.589	50.94
1332.179	51.98
1333.768	42.63
1335.357	54.06
1336.945	38.47
1338.534	47.82
1340.122	48.86
1341.71	40.55
1343.298	47.82
1344.886	49.9
1346.473	42.63
1348.06	40.55
1349.648	42.63
1351.234	39.51
1352.821	34.31
1354.408	39.51
1355.994	32.23
1357.58	36.39
1359.166	36.39
1360.752	37.43
1362.337	32.23
1363.923	36.39
1365.508	35.35
1367.093	37.43
1368.677	36.39
1370.262	40.55
1371.846	34.31
1373.43	30.15
1375.014	29.11
1376.598	39.51
1378.181	40.55
1379.765	35.35
1381.348	36.39
1382.931	29.11
1384.513	33.27
1386.096	36.39
1387.678	25.99
1389.26	25.99
1390.842	29.11
1392.424	28.07
1394.005	32.23
1395.586	29.11
1397.168	33.27
1398.748	25.99
1400.329	25.99
1401.909	27.03
1403.49	17.67
1405.07	15.59
1406.649	24.95
1408.229	24.95
1409.808	22.87
1411.388	24.95
1412.967	28.07
1414.545	29.11
1416.124	22.87
1417.702	21.83
1419.28	23.91
1420.858	29.11
1422.436	20.79
1424.013	32.23
1425.591	30.15
1427.168	25.99
1428.745	28.07
1430.321	21.83
1431.898	22.87
1433.474	30.15
1435.05	33.27
1436.626	28.07
1438.201	21.83
1439.777	28.07
1441.352	35.35
1442.927	35.35
1444.501	40.55
1446.076	45.75
1447.65	48.86
1449.224	48.86
1450.798	48.86
1452.372	57.18
1453.945	63.42
1455.518	66.54
1457.091	73.82
1458.664	89.41
1460.236	99.81
1461.809	98.77
1463.381	108.12
1464.953	131
1466.524	161.15
1468.096	204.81
1469.667	251.6
1471.238	319.18
1472.809	391.95
1474.379	464.73
1475.949	532.31
1477.519	575.97
1479.089	596.77
1480.659	620.68
1482.228	627.95
1483.798	626.92
1485.366	640.43
1486.935	656.03
1488.504	665.38
1490.072	674.74
1491.64	687.22
1493.208	701.77
1494.776	693.45
1496.343	683.06
1497.91	683.06
1499.477	679.94
1501.044	674.74
1502.61	674.74
1504.176	668.5
1505.742	669.54
1507.308	663.3
1508.874	653.95
1510.439	647.71
1512.004	666.42
1513.569	723.6
1515.134	841.09
1516.698	1003.27
1518.262	1222.64
1519.826	1454.49
1521.39	1654.1
1522.953	1814.21
1524.517	1925.45
1526.08	2028.38
1527.642	2139.62
1529.205	2255.02
1530.767	2399.54
1532.329	2565.88
1533.891	2737.43
1535.453	2828.92
1537.014	2860.11
1538.575	2837.23
1540.136	2754.06
1541.697	2635.54
1543.257	2526.38
1544.817	2422.41
1546.377	2327.8
1547.937	2191.6
1549.497	2004.47
1551.056	1799.65
1552.615	1580.28
1554.174	1374.43
1555.732	1195.61
1557.29	1098.92
1558.848	1083.33
1560.406	1139.47
1561.964	1246.55
1563.521	1391.07
1565.078	1560.53
1566.635	1717.52
1568.192	1857.87
1569.748	1976.39
1571.304	2055.41
1572.86	2084.52
1574.416	2077.24
1575.971	2036.69
1577.526	1945.2
1579.081	1837.08
1580.636	1728.96
1582.19	1590.68
1583.744	1447.21
1585.298	1294.38
1586.852	1161.3
1588.405	1039.66
1589.958	938.81
1591.511	868.12
1593.064	807.82
1594.616	766.23
1596.169	721.52
1597.721	685.14
1599.272	669.54
1600.824	666.42
1602.375	695.53
1603.926	724.64
1605.477	776.63
1607.027	844.2
1608.577	914.9
1610.127	987.68
1611.677	1072.93
1613.226	1142.59
1614.775	1198.73
1616.324	1252.79
1617.873	1285.02
1619.422	1296.46
1620.97	1294.38
1622.518	1265.27
1624.065	1234.08
1625.613	1186.25
1627.16	1148.82
1628.707	1113.48
1630.253	1073.97
1631.8	1037.58
1633.346	999.11
1634.892	955.45
1636.438	905.54
1637.983	834.85
1639.528	767.27
1641.073	710.09
1642.618	651.87
1644.162	617.56
1645.706	577.01
1647.25	554.14
1648.793	536.46
1650.337	517.75
1651.88	516.71
1653.423	504.24
1654.965	503.2
1656.507	500.08
1658.049	511.51
1659.591	512.55
1661.133	526.07
1662.674	533.35
1664.215	547.9
1665.756	562.46
1667.296	570.77
1668.836	589.49
1670.376	608.2
1671.916	617.56
1673.455	640.43
1674.994	661.22
1676.533	685.14
1678.072	690.33
1679.61	716.33
1681.148	745.44
1682.686	766.23
1684.224	785.98
1685.761	808.86
1687.298	828.61
1688.835	850.44
1690.371	875.39
1691.907	896.19
1693.443	923.22
1694.979	950.25
1696.514	980.4
1698.049	1006.39
1699.584	1030.3
1701.119	1059.41
1702.653	1092.68
1704.187	1110.36
1705.721	1147.79
1707.255	1175.86
1708.788	1204.97
1710.321	1242.39
