898.735	1702.96
900.365	1753.91
901.994	1821.49
903.623	1879.71
905.253	1937.93
906.882	1998.23
908.511	2068.92
910.14	2135.46
911.768	2191.6
913.397	2267.5
915.026	2360.03
916.654	2455.68
918.282	2567.96
919.911	2711.43
921.539	2859.07
923.167	3010.86
924.795	3170.96
926.422	3322.75
928.05	3472.47
929.678	3599.3
931.305	3710.55
932.932	3808.28
934.56	3899.77
936.187	3974.62
937.814	4028.68
939.44	4100.42
941.067	4169.04
942.694	4225.18
944.32	4284.44
945.947	4337.46
947.573	4383.21
949.199	4424.8
950.825	4478.86
952.451	4507.97
954.077	4529.8
955.703	4571.39
957.328	4596.34
958.954	4633.77
960.579	4661.84
962.204	4668.08
963.829	4685.75
965.454	4697.19
967.079	4685.75
968.704	4685.75
970.329	4678.47
971.953	4660.8
973.578	4648.32
975.202	4641.04
976.826	4628.57
978.45	4614.01
980.074	4590.1
981.698	4562.03
983.321	4535
984.945	4500.69
986.568	4462.22
988.191	4428.95
989.815	4391.53
991.438	4347.86
993.061	4310.43
994.683	4248.05
996.306	4207.51
997.929	4156.56
999.551	4086.91
1001.173	4034.92
1002.795	3985.02
1004.417	3933.04
1006.039	3876.89
1007.661	3832.19
1009.283	3778.13
1010.904	3721.98
1012.526	3658.57
1014.147	3607.62
1015.768	3565
1017.389	3539
1019.01	3490.14
1020.63	3426.72
1022.251	3370.58
1023.871	3319.64
1025.492	3254.14
1027.112	3213.59
1028.732	3154.33
1030.352	3097.15
1031.972	3027.49
1033.591	2993.18
1035.211	2953.68
1036.83	2917.29
1038.45	2863.23
1040.069	2825.8
1041.688	2799.81
1043.307	2771.73
1044.925	2728.07
1046.544	2694.8
1048.162	2650.09
1049.781	2611.63
1051.399	2578.36
1053.017	2540.93
1054.635	2515.98
1056.253	2479.59
1057.87	2461.92
1059.488	2435.92
1061.105	2413.05
1062.722	2401.62
1064.339	2360.03
1065.956	2330.92
1067.573	2302.85
1069.19	2278.94
1070.806	2240.47
1072.423	2199.92
1074.039	2150.02
1075.655	2116.75
1077.271	2067.88
1078.887	2038.77
1080.502	2003.43
1082.118	1966
1083.733	1917.13
1085.348	1877.63
1086.963	1829.8
1088.578	1794.45
1090.193	1752.87
1091.808	1730
1093.422	1684.25
1095.037	1648.9
1096.651	1614.59
1098.265	1576.13
1099.879	1531.42
1101.493	1501.27
1103.106	1475.28
1104.72	1444.09
1106.333	1406.66
1107.946	1375.47
1109.559	1339.08
1111.172	1315.17
1112.785	1281.9
1114.398	1245.51
1116.01	1220.56
1117.622	1193.53
1119.234	1161.3
1120.846	1134.27
1122.458	1097.88
1124.07	1073.97
1125.681	1042.78
1127.293	1025.11
1128.904	1001.19
1130.515	987.68
1132.126	971.04
1133.737	967.92
1135.347	932.58
1136.958	905.54
1138.568	885.79
1140.178	865
1141.788	843.16
1143.398	821.33
1145.008	787.02
1146.617	759.99
1148.227	735.04
1149.836	725.68
1151.445	700.73
1153.054	679.94
1154.663	666.42
1156.271	648.75
1157.88	630.03
1159.488	622.76
1161.096	600.92
1162.704	595.73
1164.312	571.81
1165.92	565.58
1167.527	534.39
1169.134	526.07
1170.741	509.43
1172.348	503.2
1173.955	487.6
1175.562	484.48
1177.168	463.69
1178.775	459.53
1180.381	442.9
1181.987	436.66
1183.593	423.14
1185.199	422.1
1186.804	404.43
1188.409	399.23
1190.015	390.91
1191.62	377.4
1193.225	365.96
1194.829	360.76
1196.434	345.17
1198.038	346.21
1199.642	338.93
1201.246	326.45
1202.85	315.02
1204.454	312.94
1206.057	299.42
1207.661	301.5
1209.264	289.03
1210.867	293.18
1212.47	280.71
1214.073	277.59
1215.675	269.27
1217.277	259.92
1218.88	255.76
1220.482	252.64
1222.083	239.12
1223.685	239.12
1225.287	237.04
1226.888	229.76
1228.489	219.37
1230.09	218.33
1231.691	201.69
1233.292	211.05
1234.892	201.69
1236.492	210.01
1238.092	196.5
1239.692	189.22
1241.292	189.22
1242.892	190.26
1244.491	182.98
1246.09	185.06
1247.689	171.54
1249.288	173.62
1250.887	169.46
1252.485	166.35
1254.084	156.99
1255.682	153.87
1257.28	144.51
1258.878	145.55
1260.475	141.39
1262.073	140.35
1263.67	143.47
1265.267	134.12
1266.864	137.24
1268.461	138.27
1270.057	133.08
1271.654	129.96
1273.25	121.64
1274.846	122.68
1276.442	122.68
1278.037	119.56
1279.633	114.36
1281.228	116.44
1282.823	113.32
1284.418	111.24
1286.013	112.28
1287.608	110.2
1289.202	107.09
1290.796	108.12
1292.39	100.85
1293.984	103.97
1295.577	96.69
1297.171	106.05
1298.764	101.89
1300.357	103.97
1301.95	90.45
1303.543	95.65
1305.135	95.65
1306.728	94.61
1308.32	93.57
1309.912	96.69
1311.503	95.65
1313.095	81.09
1314.686	85.25
1316.277	86.29
1317.868	73.82
1319.459	83.17
1321.05	79.01
1322.64	83.17
1324.23	76.93
1325.82	79.01
1327.41	73.82
1329	66.54
1330.589	63.42
1332.179	61.34
1333.768	62.38
1335.357	49.9
1336.945	41.59
1338.534	45.75
1340.122	35.35
1341.71	47.82
1343.298	32.23
1344.886	39.51
1346.473	25.99
1348.06	29.11
1349.648	23.91
1351.234	22.87
1352.821	27.03
1354.408	22.87
1355.994	22.87
1357.58	27.03
1359.166	21.83
1360.752	29.11
1362.337	15.59
1363.923	28.07
1365.508	19.75
1367.093	33.27
1368.677	18.71
1370.262	31.19
1371.846	30.15
1373.43	24.95
1375.014	19.75
1376.598	30.15
1378.181	24.95
1379.765	35.35
1381.348	22.87
1382.931	29.11
1384.513	21.83
1386.096	27.03
1387.678	24.95
1389.26	29.11
1390.842	27.03
1392.424	34.31
1394.005	33.27
1395.586	38.47
1397.168	37.43
1398.748	43.67
1400.329	51.98
1401.909	56.14
1403.49	69.66
1405.07	72.78
1406.649	79.01
1408.229	89.41
1409.808	84.21
1411.388	86.29
1412.967	74.86
1414.545	85.25
1416.124	64.46
1417.702	61.34
1419.28	53.02
1420.858	54.06
1422.436	43.67
1424.013	46.78
1425.591	29.11
1427.168	35.35
1428.745	27.03
1430.321	29.11
1431.898	31.19
1433.474	30.15
1435.05	25.99
1436.626	27.03
1438.201	29.11
1439.777	33.27
1441.352	25.99
1442.927	21.83
1444.501	24.95
1446.076	32.23
1447.65	31.19
1449.224	30.15
1450.798	23.91
1452.372	29.11
1453.945	28.07
1455.518	37.43
1457.091	27.03
1458.664	35.35
1460.236	45.75
1461.809	49.9
1463.381	39.51
1464.953	54.06
1466.524	53.02
1468.096	60.3
1469.667	68.62
1471.238	84.21
1472.809	87.33
1474.379	105.01
1475.949	111.24
1477.519	125.8
1479.089	126.84
1480.659	134.12
1482.228	139.31
1483.798	150.75
1485.366	156.99
1486.935	170.5
1488.504	177.78
1490.072	182.98
1491.64	189.22
1493.208	212.09
1494.776	220.41
1496.343	241.2
1497.91	248.48
1499.477	271.35
1501.044	292.14
1502.61	312.94
1504.176	345.17
1505.742	383.63
1507.308	414.82
1508.874	460.57
1510.439	527.11
1512.004	642.51
1513.569	823.41
1515.134	1089.56
1516.698	1457.6
1518.262	1882.83
1519.826	2310.13
1521.39	2684.4
1522.953	2996.3
1524.517	3301.96
1526.08	3615.94
1527.642	3950.71
1529.205	4247.01
1530.767	4455.98
1532.329	4586.98
1533.891	4672.23
1535.453	4715.9
1537.014	4653.52
1538.575	4493.41
1540.136	4283.4
1541.697	4030.76
1543.257	3780.21
1544.817	3537.96
1546.377	3339.39
1547.937	3166.81
1549.497	3059.72
1551.056	2967.19
1552.615	2894.41
1554.174	2842.43
1555.732	2834.11
1557.29	2912.09
1558.848	3101.31
1560.406	3397.61
1561.964	3816.59
1563.521	4300.04
1565.078	4838.58
1566.635	5364.65
1568.192	5864.72
1569.748	6322.18
1571.304	6721.41
1572.86	6992.76
1574.416	7081.13
1575.971	6958.45
1577.526	6659.03
1579.081	6207.81
1580.636	5712.93
1582.19	5154.64
1583.744	4541.24
1585.298	3940.31
1586.852	3378.9
1588.405	2898.57
1589.958	2537.81
1591.511	2248.79
1593.064	2074.12
1594.616	1931.69
1596.169	1874.51
1597.721	1875.55
1599.272	1950.4
1600.824	2083.48
1602.375	2276.86
1603.926	2461.92
1605.477	2659.45
1607.027	2800.85
1608.577	2894.41
1610.127	2890.26
1611.677	2823.72
1613.226	2697.92
1614.775	2532.61
1616.324	2328.84
1617.873	2120.91
1619.422	1914.01
1620.97	1724.8
1622.518	1579.24
1624.065	1469.04
1625.613	1367.15
1627.16	1299.58
1628.707	1239.28
1630.253	1176.9
1631.8	1126.99
1633.346	1080.21
1634.892	1023.03
1636.438	944.01
1637.983	875.39
1639.528	803.66
1641.073	725.68
1642.618	651.87
1644.162	594.69
1645.706	542.7
1647.25	481.36
1648.793	444.97
1650.337	390.91
1651.88	348.29
1653.423	319.18
1654.965	280.71
1656.507	247.44
1658.049	230.8
1659.591	210.01
1661.133	196.5
1662.674	166.35
1664.215	155.95
1665.756	147.63
1667.296	137.24
1668.836	134.12
1670.376	133.08
1671.916	114.36
1673.455	122.68
1674.994	110.2
1676.533	114.36
1678.072	108.12
1679.61	113.32
1681.148	103.97
1682.686	105.01
1684.224	103.97
1685.761	108.12
1687.298	101.89
1688.835	108.12
1690.371	100.85
1691.907	108.12
1693.443	107.09
1694.979	118.52
1696.514	112.28
1698.049	123.72
1699.584	114.36
1701.119	114.36
1702.653	118.52
1704.187	118.52
1705.721	122.68
1707.255	129.96
1708.788	124.76
1710.321	135.16
