898.735	19386.55
900.365	19795.14
901.994	20149.66
903.623	20470.92
905.253	20838.96
906.882	21143.58
908.511	21461.71
910.14	21706.03
911.768	22017.93
913.397	22395.33
915.026	22798.72
916.654	23319.59
918.282	24058.78
919.911	24865.56
921.539	25898.98
923.167	26803.49
924.795	27753.74
926.422	28543.88
928.05	29155.2
929.678	29622.01
931.305	29915.19
932.932	30020.2
934.56	30036.83
936.187	29947.42
937.814	29864.25
939.44	29776.92
941.067	29629.28
942.694	29544.03
944.32	29398.48
945.947	29240.45
947.573	29015.89
949.199	28610.42
950.825	28170.64
952.451	27476.15
954.077	26724.47
955.703	25785.66
957.328	24915.46
958.954	23936.1
960.579	23136.6
962.204	22306.96
963.829	21650.93
965.454	20957.48
967.079	20472.99
968.704	20028.02
970.329	19737.95
971.953	19591.36
973.578	19614.24
975.202	19881.43
976.826	20392.94
978.45	20954.36
980.074	21426.36
981.698	21777.77
983.321	21943.07
984.945	21923.32
986.568	21754.9
988.191	21243.38
989.815	20602.95
991.438	19952.12
993.061	19395.91
994.683	18802.26
996.306	18239.8
997.929	17792.75
999.551	17534.91
1001.173	17500.61
1002.795	17762.6
1004.417	18308.42
1006.039	19317.93
1007.661	20741.23
1009.283	22475.38
1010.904	24172.11
1012.526	25523.67
1014.147	26198.41
1015.768	26182.81
1017.389	25480
1019.01	24253.2
1020.63	22684.35
1022.251	21135.26
1023.871	19878.31
1025.492	18999.8
1027.112	18440.46
1028.732	18018.36
1030.352	17624.32
1031.972	17334.26
1033.591	17077.46
1035.211	16797.79
1036.83	16340.34
1038.45	15795.56
1040.069	15059.48
1041.688	14228.79
1043.307	13266.07
1044.925	12265.91
1046.544	11248.09
1048.162	10351.9
1049.781	9644.93
1051.399	9039.85
1053.017	8526.26
1054.635	8113.51
1056.253	7735.07
1057.87	7351.44
1059.488	6979.24
1061.105	6655.91
1062.722	6339.85
1064.339	6077.86
1065.956	5801.31
1067.573	5565.3
1069.19	5344.89
1070.806	5173.35
1072.423	4981.01
1074.039	4818.83
1075.655	4662.88
1077.271	4523.56
1078.887	4398.8
1080.502	4268.85
1082.118	4132.65
1083.733	4016.21
1085.348	3894.57
1086.963	3772.93
1088.578	3656.49
1090.193	3562.92
1091.808	3437.12
1093.422	3352.91
1095.037	3206.31
1096.651	3116.9
1098.265	2993.18
1099.879	2889.22
1101.493	2779.01
1103.106	2675.05
1104.72	2577.32
1106.333	2471.27
1107.946	2366.27
1109.559	2309.09
1111.172	2210.32
1112.785	2125.07
1114.398	2050.21
1116.01	1980.55
1117.622	1882.83
1119.234	1812.13
1120.846	1769.5
1122.458	1687.37
1124.07	1604.2
1125.681	1543.9
1127.293	1465.92
1128.904	1410.82
1130.515	1345.32
1132.126	1273.58
1133.737	1229.92
1135.347	1145.71
1136.958	1110.36
1138.568	1035.5
1140.178	977.28
1141.788	911.78
1143.398	871.24
1145.008	778.71
1146.617	763.11
1148.227	715.29
1149.836	618.6
1151.445	595.73
1153.054	552.06
1154.663	507.35
1156.271	490.72
1157.88	450.17
1159.488	408.59
1161.096	387.79
1162.704	363.88
1164.312	362.84
1165.92	338.93
1167.527	334.77
1169.134	328.53
1170.741	310.86
1172.348	271.35
1173.955	302.54
1175.562	248.48
1177.168	276.55
1178.775	240.16
1180.381	251.6
1181.987	244.32
1183.593	215.21
1185.199	215.21
1186.804	215.21
1188.409	202.73
1190.015	200.65
1191.62	204.81
1193.225	188.18
1194.829	194.42
1196.434	186.1
1198.038	152.83
1199.642	179.86
1201.246	156.99
1202.85	179.86
1204.454	161.15
1206.057	159.07
1207.661	170.5
1209.264	134.12
1210.867	127.88
1212.47	136.2
1214.073	116.44
1215.675	123.72
1217.277	105.01
1218.88	125.8
1220.482	126.84
1222.083	110.2
1223.685	89.41
1225.287	115.4
1226.888	109.16
1228.489	116.44
1230.09	88.37
1231.691	117.48
1233.292	82.13
1234.892	88.37
1236.492	106.05
1238.092	73.82
1239.692	102.93
1241.292	82.13
1242.892	71.74
1244.491	94.61
1246.09	67.58
1247.689	90.45
1249.288	60.3
1250.887	86.29
1252.485	81.09
1254.084	68.62
1255.682	55.1
1257.28	74.86
1258.878	55.1
1260.475	59.26
1262.073	50.94
1263.67	57.18
1265.267	59.26
1266.864	55.1
1268.461	44.71
1270.057	62.38
1271.654	21.83
1273.25	55.1
1274.846	37.43
1276.442	41.59
1278.037	30.15
1279.633	53.02
1281.228	39.51
1282.823	32.23
1284.418	63.42
1286.013	19.75
1287.608	21.83
1289.202	21.83
1290.796	28.07
1292.39	49.9
1293.984	21.83
1295.577	37.43
1297.171	25.99
1298.764	32.23
1300.357	17.67
1301.95	19.75
1303.543	22.87
1305.135	44.71
1306.728	-9.36
1308.32	13.52
1309.912	12.48
1311.503	1.04
1313.095	9.36
1314.686	15.59
1316.277	8.32
1317.868	32.23
1319.459	-20.79
1321.05	30.15
1322.64	-18.71
1324.23	13.52
1325.82	1.04
1327.41	15.59
1329	-13.52
1330.589	9.36
1332.179	-11.44
1333.768	-1.04
1335.357	17.67
1336.945	3.12
1338.534	-18.71
1340.122	13.52
1341.71	-19.75
1343.298	-13.52
1344.886	-11.44
1346.473	-11.44
1348.06	-1.04
1349.648	-13.52
1351.234	-24.95
1352.821	-11.44
1354.408	-1.04
1355.994	1.04
1357.58	-27.03
1359.166	-3.12
1360.752	-37.43
1362.337	-1.04
1363.923	-15.59
1365.508	-8.32
1367.093	-31.19
1368.677	7.28
1370.262	-25.99
1371.846	-9.36
1373.43	-16.63
1375.014	-2.08
1376.598	-8.32
1378.181	-28.07
1379.765	-25.99
1381.348	-7.28
1382.931	-39.51
1384.513	-5.2
1386.096	-45.75
1387.678	-5.2
1389.26	-17.67
1390.842	-21.83
1392.424	-8.32
1394.005	-30.15
1395.586	-33.27
1397.168	-17.67
1398.748	-19.75
1400.329	-23.91
1401.909	-6.24
1403.49	-38.47
1405.07	-13.52
1406.649	-32.23
1408.229	-21.83
1409.808	-6.24
1411.388	-49.9
1412.967	-6.24
1414.545	-6.24
1416.124	-11.44
1417.702	-5.2
1419.28	-42.63
1420.858	-16.63
1422.436	-13.52
1424.013	-47.82
1425.591	-3.12
1427.168	-31.19
1428.745	-19.75
1430.321	-23.91
1431.898	-5.2
1433.474	-28.07
1435.05	-31.19
1436.626	-18.71
1438.201	-5.2
1439.777	-23.91
1441.352	-33.27
1442.927	-16.63
1444.501	-31.19
1446.076	-23.91
1447.65	-21.83
1449.224	-25.99
1450.798	-12.48
1452.372	-16.63
1453.945	-42.63
1455.518	-22.87
1457.091	-6.24
1458.664	-29.11
1460.236	-18.71
1461.809	-37.43
1463.381	-13.52
1464.953	-27.03
1466.524	-23.91
1468.096	-16.63
1469.667	-21.83
1471.238	-21.83
1472.809	-15.59
1474.379	-23.91
1475.949	5.2
1477.519	-46.78
1479.089	2.08
1480.659	-19.75
1482.228	-25.99
1483.798	-27.03
1485.366	-10.4
1486.935	-13.52
1488.504	-42.63
1490.072	-30.15
1491.64	-13.52
1493.208	-30.15
1494.776	-18.71
1496.343	-23.91
1497.91	-2.08
1499.477	6.24
1501.044	-24.95
1502.61	11.44
1504.176	61.34
1505.742	61.34
1507.308	100.85
1508.874	152.83
1510.439	153.87
1512.004	121.64
1513.569	113.32
1515.134	99.81
1516.698	48.86
1518.262	23.91
1519.826	3.12
1521.39	-18.71
1522.953	-20.79
1524.517	-37.43
1526.08	-10.4
1527.642	-8.32
1529.205	-13.52
1530.767	-54.06
1532.329	-4.16
1533.891	-49.9
1535.453	-21.83
1537.014	-39.51
1538.575	-24.95
1540.136	-11.44
1541.697	-16.63
1543.257	-50.94
1544.817	7.28
1546.377	-36.39
1547.937	-22.87
1549.497	-46.78
1551.056	-30.15
1552.615	-19.75
1554.174	-13.52
1555.732	-19.75
1557.29	-17.67
1558.848	-19.75
1560.406	-9.36
1561.964	-40.55
1563.521	-42.63
1565.078	-24.95
1566.635	-42.63
1568.192	-42.63
1569.748	13.52
1571.304	-31.19
1572.86	-34.31
1574.416	-17.67
1575.971	-15.59
1577.526	-29.11
1579.081	-3.12
1580.636	-21.83
1582.19	-23.91
1583.744	-24.95
1585.298	-11.44
1586.852	-14.56
1588.405	-38.47
1589.958	-32.23
1591.511	-6.24
1593.064	-28.07
1594.616	-21.83
1596.169	-27.03
1597.721	-5.2
1599.272	10.4
1600.824	34.31
1602.375	36.39
1603.926	49.9
1605.477	73.82
1607.027	105.01
1608.577	123.72
1610.127	154.91
1611.677	127.88
1613.226	174.66
1614.775	188.18
1616.324	184.02
1617.873	190.26
1619.422	219.37
1620.97	213.13
1622.518	224.57
1624.065	213.13
1625.613	256.8
1627.16	257.84
1628.707	273.43
1630.253	283.83
1631.8	294.22
1633.346	311.9
1634.892	317.1
1636.438	331.65
1637.983	334.77
1639.528	351.41
1641.073	397.15
1642.618	391.95
1644.162	408.59
1645.706	421.06
1647.25	427.3
1648.793	455.37
1650.337	481.36
1651.88	479.28
1653.423	523.99
1654.965	503.2
1656.507	565.58
1658.049	547.9
1659.591	596.77
1661.133	617.56
1662.674	623.8
1664.215	651.87
1665.756	689.29
1667.296	685.14
1668.836	716.33
1670.376	727.76
1671.916	778.71
1673.455	795.34
1674.994	818.21
1676.533	844.2
1678.072	889.95
1679.61	897.23
1681.148	928.42
1682.686	940.89
1684.224	997.03
1685.761	1001.19
1687.298	1040.7
1688.835	1059.41
1690.371	1111.4
1691.907	1121.79
1693.443	1175.86
1694.979	1189.37
1696.514	1229.92
1698.049	1274.62
1699.584	1300.62
1701.119	1342.2
1702.653	1356.76
1704.187	1409.78
1705.721	1446.17
1707.255	1469.04
1708.788	1531.42
1710.321	1548.05
