898.735	20409.58
900.365	20836.88
901.994	21192.44
903.623	21527.21
905.253	21887.97
906.882	22201.95
908.511	22515.93
910.14	22751.93
911.768	23060.71
913.397	23440.19
915.026	23846.69
916.654	24388.36
918.282	25142.11
919.911	25975.92
921.539	27034.29
923.167	27956.47
924.795	28946.23
926.422	29772.76
928.05	30407.99
929.678	30898.71
931.305	31214.77
932.932	31354.08
934.56	31401.91
936.187	31349.92
937.814	31317.69
939.44	31296.9
941.067	31244.92
942.694	31254.27
944.32	31236.6
945.947	31211.65
947.573	31097.29
949.199	30781.23
950.825	30363.29
952.451	29648
954.077	28816.27
955.703	27767.25
957.328	26782.69
958.954	25695.21
960.579	24803.18
962.204	23939.22
963.829	23270.72
965.454	22594.94
967.079	22155.17
968.704	21750.74
970.329	21540.73
971.953	21523.05
973.578	21753.86
975.202	22352.7
976.826	23341.42
978.45	24422.66
980.074	25335.49
981.698	26007.11
983.321	26363.71
984.945	26425.05
986.568	26215.04
988.191	25489.36
989.815	24541.19
991.438	23625.25
993.061	22856.94
994.683	22058.48
996.306	21298.49
997.929	20712.12
999.551	20412.69
1001.173	20488.59
1002.795	20978.27
1004.417	21972.19
1006.039	23677.23
1007.661	26084.04
1009.283	28955.58
1010.904	31808.41
1012.526	34024.97
1014.147	35134.29
1015.768	35104.14
1017.389	33989.62
1019.01	32031.94
1020.63	29563.79
1022.251	27173.61
1023.871	25290.78
1025.492	24021.36
1027.112	23273.84
1028.732	22738.41
1030.352	22260.17
1031.972	21904.61
1033.591	21628.06
1035.211	21293.29
1036.83	20724.59
1038.45	19967.72
1040.069	18941.57
1041.688	17733.49
1043.307	16340.34
1044.925	14882.74
1046.544	13435.53
1048.162	12178.58
1049.781	11195.06
1051.399	10401.8
1053.017	9726.02
1054.635	9182.28
1056.253	8694.68
1057.87	8210.2
1059.488	7737.15
1061.105	7324.41
1062.722	6910.62
1064.339	6573.77
1065.956	6235.88
1067.573	5949.98
1069.19	5696.3
1070.806	5483.17
1072.423	5273.16
1074.039	5097.46
1075.655	4929.03
1077.271	4781.4
1078.887	4643.12
1080.502	4506.93
1082.118	4371.77
1083.733	4244.93
1085.348	4116.02
1086.963	3994.38
1088.578	3867.54
1090.193	3766.69
1091.808	3635.69
1093.422	3556.68
1095.037	3396.57
1096.651	3303
1098.265	3168.89
1099.879	3055.56
1101.493	2937.04
1103.106	2816.44
1104.72	2708.32
1106.333	2593.95
1107.946	2485.83
1109.559	2431.77
1111.172	2327.8
1112.785	2238.39
1114.398	2160.41
1116.01	2091.8
1117.622	1980.55
1119.234	1911.94
1120.846	1858.91
1122.458	1773.66
1124.07	1686.33
1125.681	1630.19
1127.293	1541.82
1128.904	1477.36
1130.515	1413.94
1132.126	1342.2
1133.737	1295.42
1135.347	1201.85
1136.958	1169.62
1138.568	1090.6
1140.178	1043.82
1141.788	973.12
1143.398	928.42
1145.008	843.16
1146.617	815.09
1148.227	767.27
1149.836	670.58
1151.445	651.87
1153.054	604.04
1154.663	555.18
1156.271	536.46
1157.88	493.84
1159.488	448.09
1161.096	423.14
1162.704	397.15
1164.312	391.95
1165.92	375.32
1167.527	365.96
1169.134	357.64
1170.741	346.21
1172.348	296.3
1173.955	324.37
1175.562	273.43
1177.168	294.22
1178.775	259.92
1180.381	265.11
1181.987	256.8
1183.593	225.61
1185.199	228.73
1186.804	230.8
1188.409	208.97
1190.015	210.01
1191.62	219.37
1193.225	194.42
1194.829	200.65
1196.434	191.3
1198.038	159.07
1199.642	190.26
1201.246	167.39
1202.85	192.34
1204.454	161.15
1206.057	165.31
1207.661	168.43
1209.264	138.27
1210.867	134.12
1212.47	142.43
1214.073	119.56
1215.675	129.96
1217.277	107.09
1218.88	129.96
1220.482	126.84
1222.083	112.28
1223.685	96.69
1225.287	115.4
1226.888	107.09
1228.489	115.4
1230.09	94.61
1231.691	122.68
1233.292	86.29
1234.892	94.61
1236.492	109.16
1238.092	80.05
1239.692	105.01
1241.292	81.09
1242.892	75.9
1244.491	102.93
1246.09	75.9
1247.689	90.45
1249.288	64.46
1250.887	90.45
1252.485	83.17
1254.084	64.46
1255.682	62.38
1257.28	85.25
1258.878	54.06
1260.475	62.38
1262.073	60.3
1263.67	62.38
1265.267	61.34
1266.864	61.34
1268.461	48.86
1270.057	65.5
1271.654	25.99
1273.25	60.3
1274.846	41.59
1276.442	49.9
1278.037	36.39
1279.633	63.42
1281.228	44.71
1282.823	36.39
1284.418	64.46
1286.013	23.91
1287.608	25.99
1289.202	25.99
1290.796	32.23
1292.39	54.06
1293.984	28.07
1295.577	44.71
1297.171	29.11
1298.764	36.39
1300.357	21.83
1301.95	21.83
1303.543	18.71
1305.135	43.67
1306.728	-3.12
1308.32	13.52
1309.912	20.79
1311.503	4.16
1313.095	18.71
1314.686	17.67
1316.277	18.71
1317.868	41.59
1319.459	-15.59
1321.05	42.63
1322.64	-13.52
1324.23	22.87
1325.82	5.2
1327.41	18.71
1329	-5.2
1330.589	21.83
1332.179	-3.12
1333.768	-1.04
1335.357	22.87
1336.945	5.2
1338.534	-11.44
1340.122	14.56
1341.71	-17.67
1343.298	-3.12
1344.886	-3.12
1346.473	-10.4
1348.06	2.08
1349.648	-9.36
1351.234	-20.79
1352.821	-11.44
1354.408	2.08
1355.994	4.16
1357.58	-19.75
1359.166	5.2
1360.752	-30.15
1362.337	7.28
1363.923	-10.4
1365.508	-5.2
1367.093	-24.95
1368.677	12.48
1370.262	-23.91
1371.846	-8.32
1373.43	-16.63
1375.014	3.12
1376.598	-6.24
1378.181	-21.83
1379.765	-23.91
1381.348	-8.32
1382.931	-33.27
1384.513	-3.12
1386.096	-40.55
1387.678	-2.08
1389.26	-19.75
1390.842	-16.63
1392.424	-8.32
1394.005	-25.99
1395.586	-25.99
1397.168	-14.56
1398.748	-17.67
1400.329	-21.83
1401.909	3.12
1403.49	-36.39
1405.07	-11.44
1406.649	-33.27
1408.229	-13.52
1409.808	-8.32
1411.388	-42.63
1412.967	-7.28
1414.545	-8.32
1416.124	-3.12
1417.702	-5.2
1419.28	-44.71
1420.858	-21.83
1422.436	-9.36
1424.013	-42.63
1425.591	-1.04
1427.168	-25.99
1428.745	-13.52
1430.321	-21.83
1431.898	-7.28
1433.474	-24.95
1435.05	-30.15
1436.626	-9.36
1438.201	-5.2
1439.777	-22.87
1441.352	-28.07
1442.927	-17.67
1444.501	-30.15
1446.076	-21.83
1447.65	-18.71
1449.224	-23.91
1450.798	-17.67
1452.372	-16.63
1453.945	-34.31
1455.518	-14.56
1457.091	0
1458.664	-31.19
1460.236	-15.59
1461.809	-36.39
1463.381	-12.48
1464.953	-21.83
1466.524	-28.07
1468.096	-17.67
1469.667	-20.79
1471.238	-17.67
1472.809	-18.71
1474.379	-17.67
1475.949	3.12
1477.519	-42.63
1479.089	7.28
1480.659	-16.63
1482.228	-22.87
1483.798	-28.07
1485.366	-9.36
1486.935	-15.59
1488.504	-36.39
1490.072	-25.99
1491.64	-10.4
1493.208	-32.23
1494.776	-12.48
1496.343	-18.71
1497.91	0
1499.477	5.2
1501.044	-19.75
1502.61	8.32
1504.176	65.5
1505.742	59.26
1507.308	100.85
1508.874	161.15
1510.439	158.03
1512.004	129.96
1513.569	123.72
1515.134	96.69
1516.698	55.1
1518.262	24.95
1519.826	5.2
1521.39	-14.56
1522.953	-9.36
1524.517	-35.35
1526.08	-5.2
1527.642	-3.12
1529.205	-14.56
1530.767	-44.71
1532.329	-9.36
1533.891	-46.78
1535.453	-19.75
1537.014	-39.51
1538.575	-18.71
1540.136	-7.28
1541.697	-9.36
1543.257	-56.14
1544.817	6.24
1546.377	-30.15
1547.937	-19.75
1549.497	-47.82
1551.056	-25.99
1552.615	-17.67
1554.174	-11.44
1555.732	-20.79
1557.29	-11.44
1558.848	-21.83
1560.406	-11.44
1561.964	-36.39
1563.521	-36.39
1565.078	-16.63
1566.635	-36.39
1568.192	-38.47
1569.748	12.48
1571.304	-22.87
1572.86	-31.19
1574.416	-20.79
1575.971	-17.67
1577.526	-28.07
1579.081	-6.24
1580.636	-22.87
1582.19	-21.83
1583.744	-24.95
1585.298	-5.2
1586.852	-14.56
1588.405	-38.47
1589.958	-25.99
1591.511	1.04
1593.064	-30.15
1594.616	-17.67
1596.169	-25.99
1597.721	-8.32
1599.272	10.4
1600.824	34.31
1602.375	34.31
1603.926	54.06
1605.477	71.74
1607.027	98.77
1608.577	119.56
1610.127	147.63
1611.677	127.88
1613.226	171.54
1614.775	181.94
1616.324	177.78
1617.873	192.34
1619.422	207.93
1620.97	213.13
1622.518	222.49
1624.065	198.58
1625.613	250.56
1627.16	256.8
1628.707	270.31
1630.253	282.79
1631.8	297.34
1633.346	308.78
1634.892	312.94
1636.438	331.65
1637.983	332.69
1639.528	351.41
1641.073	399.23
1642.618	389.87
1644.162	414.82
1645.706	424.18
1647.25	437.7
1648.793	463.69
1650.337	486.56
1651.88	485.52
1653.423	529.19
1654.965	517.75
1656.507	582.21
1658.049	560.38
1659.591	598.84
1661.133	628.99
1662.674	636.27
1664.215	666.42
1665.756	706.97
1667.296	703.85
1668.836	734
1670.376	746.48
1671.916	802.62
1673.455	818.21
1674.994	849.4
1676.533	873.31
1678.072	923.22
1679.61	928.42
1681.148	963.77
1682.686	980.4
1684.224	1030.3
1685.761	1042.78
1687.298	1084.37
1688.835	1109.32
1690.371	1163.38
1691.907	1175.86
1693.443	1224.72
1694.979	1240.31
1696.514	1287.1
1698.049	1332.84
1699.584	1362.99
1701.119	1410.82
1702.653	1427.45
1704.187	1484.64
1705.721	1527.26
1707.255	1543.9
1708.788	1608.35
1710.321	1631.23
