898.735	2258.14
900.365	2308.05
901.994	2361.07
903.623	2397.46
905.253	2434.88
906.882	2470.23
908.511	2510.78
910.14	2543.01
911.768	2583.56
913.397	2624.1
915.026	2672.97
916.654	2727.03
918.282	2817.48
919.911	2913.13
921.539	3031.65
923.167	3142.89
924.795	3278.05
926.422	3370.58
928.05	3464.15
929.678	3528.61
931.305	3579.55
932.932	3606.58
934.56	3625.3
936.187	3634.65
937.814	3649.21
939.44	3648.17
941.067	3653.37
942.694	3648.17
944.32	3657.53
945.947	3645.05
947.573	3630.49
949.199	3611.78
950.825	3595.15
952.451	3555.64
954.077	3516.13
955.703	3466.23
957.328	3418.4
958.954	3362.26
960.579	3327.95
962.204	3270.77
963.829	3222.95
965.454	3163.69
967.079	3118.98
968.704	3069.08
970.329	3042.05
971.953	3001.5
973.578	2974.47
975.202	2956.79
976.826	2955.75
978.45	2961.99
980.074	2948.48
981.698	2930.8
983.321	2902.73
984.945	2859.07
986.568	2794.61
988.191	2708.32
989.815	2634.5
991.438	2553.41
993.061	2486.87
994.683	2402.66
996.306	2333
997.929	2265.42
999.551	2210.32
1001.173	2173.93
1002.795	2142.74
1004.417	2142.74
1006.039	2167.69
1007.661	2215.52
1009.283	2286.21
1010.904	2366.27
1012.526	2418.25
1014.147	2430.73
1015.768	2400.58
1017.389	2326.76
1019.01	2205.12
1020.63	2083.48
1022.251	1960.8
1023.871	1840.2
1025.492	1749.75
1027.112	1693.61
1028.732	1641.62
1030.352	1602.12
1031.972	1550.13
1033.591	1527.26
1035.211	1479.44
1036.83	1446.17
1038.45	1399.38
1040.069	1338.04
1041.688	1280.86
1043.307	1208.09
1044.925	1133.23
1046.544	1069.81
1048.162	1000.15
1049.781	938.81
1051.399	900.35
1053.017	859.8
1054.635	822.37
1056.253	793.26
1057.87	761.03
1059.488	731.92
1061.105	699.69
1062.722	679.94
1064.339	653.95
1065.956	641.47
1067.573	611.32
1069.19	598.84
1070.806	574.93
1072.423	559.34
1074.039	542.7
1075.655	525.03
1077.271	515.67
1078.887	503.2
1080.502	488.64
1082.118	470.97
1083.733	457.45
1085.348	446.01
1086.963	438.74
1088.578	423.14
1090.193	412.75
1091.808	404.43
1093.422	387.79
1095.037	374.28
1096.651	374.28
1098.265	351.41
1099.879	347.25
1101.493	341.01
1103.106	323.33
1104.72	316.06
1106.333	299.42
1107.946	300.46
1109.559	291.1
1111.172	283.83
1112.785	276.55
1114.398	267.19
1116.01	254.72
1117.622	250.56
1119.234	251.6
1120.846	236
1122.458	227.69
1124.07	222.49
1125.681	219.37
1127.293	211.05
1128.904	205.85
1130.515	196.5
1132.126	188.18
1133.737	182.98
1135.347	173.62
1136.958	171.54
1138.568	169.46
1140.178	169.46
1141.788	161.15
1143.398	153.87
1145.008	158.03
1146.617	145.55
1148.227	138.27
1149.836	141.39
1151.445	131
1153.054	143.47
1154.663	123.72
1156.271	125.8
1157.88	112.28
1159.488	119.56
1161.096	113.32
1162.704	107.09
1164.312	109.16
1165.92	100.85
1167.527	105.01
1169.134	102.93
1170.741	92.53
1172.348	94.61
1173.955	86.29
1175.562	91.49
1177.168	87.33
1178.775	91.49
1180.381	81.09
1181.987	82.13
1183.593	76.93
1185.199	76.93
1186.804	77.97
1188.409	79.01
1190.015	66.54
1191.62	76.93
1193.225	68.62
1194.829	72.78
1196.434	63.42
1198.038	71.74
1199.642	69.66
1201.246	65.5
1202.85	60.3
1204.454	65.5
1206.057	57.18
1207.661	59.26
1209.264	58.22
1210.867	64.46
1212.47	55.1
1214.073	53.02
1215.675	54.06
1217.277	55.1
1218.88	45.75
1220.482	50.94
1222.083	46.78
1223.685	48.86
1225.287	44.71
1226.888	41.59
1228.489	44.71
1230.09	47.82
1231.691	37.43
1233.292	42.63
1234.892	41.59
1236.492	46.78
1238.092	40.55
1239.692	47.82
1241.292	41.59
1242.892	46.78
1244.491	38.47
1246.09	44.71
1247.689	38.47
1249.288	38.47
1250.887	29.11
1252.485	39.51
1254.084	34.31
1255.682	36.39
1257.28	38.47
1258.878	34.31
1260.475	27.03
1262.073	34.31
1263.67	34.31
1265.267	36.39
1266.864	28.07
1268.461	33.27
1270.057	31.19
1271.654	24.95
1273.25	24.95
1274.846	33.27
1276.442	33.27
1278.037	31.19
1279.633	23.91
1281.228	30.15
1282.823	28.07
1284.418	31.19
1286.013	21.83
1287.608	30.15
1289.202	25.99
1290.796	31.19
1292.39	27.03
1293.984	23.91
1295.577	27.03
1297.171	27.03
1298.764	22.87
1300.357	27.03
1301.95	20.79
1303.543	23.91
1305.135	18.71
1306.728	23.91
1308.32	27.03
1309.912	22.87
1311.503	14.56
1313.095	27.03
1314.686	25.99
1316.277	21.83
1317.868	16.63
1319.459	21.83
1321.05	30.15
1322.64	20.79
1324.23	22.87
1325.82	19.75
1327.41	22.87
1329	25.99
1330.589	27.03
1332.179	33.27
1333.768	16.63
1335.357	14.56
1336.945	27.03
1338.534	15.59
1340.122	19.75
1341.71	18.71
1343.298	27.03
1344.886	23.91
1346.473	25.99
1348.06	28.07
1349.648	21.83
1351.234	23.91
1352.821	18.71
1354.408	16.63
1355.994	13.52
1357.58	23.91
1359.166	25.99
1360.752	28.07
1362.337	25.99
1363.923	23.91
1365.508	24.95
1367.093	23.91
1368.677	28.07
1370.262	23.91
1371.846	23.91
1373.43	23.91
1375.014	16.63
1376.598	30.15
1378.181	28.07
1379.765	27.03
1381.348	27.03
1382.931	28.07
1384.513	30.15
1386.096	29.11
1387.678	21.83
1389.26	25.99
1390.842	28.07
1392.424	36.39
1394.005	25.99
1395.586	35.35
1397.168	18.71
1398.748	25.99
1400.329	28.07
1401.909	31.19
1403.49	33.27
1405.07	44.71
1406.649	31.19
1408.229	32.23
1409.808	36.39
1411.388	30.15
1412.967	38.47
1414.545	43.67
1416.124	32.23
1417.702	42.63
1419.28	42.63
1420.858	44.71
1422.436	47.82
1424.013	48.86
1425.591	48.86
1427.168	47.82
1428.745	48.86
1430.321	53.02
1431.898	62.38
1433.474	58.22
1435.05	67.58
1436.626	69.66
1438.201	74.86
1439.777	87.33
1441.352	98.77
1442.927	108.12
1444.501	127.88
1446.076	137.24
1447.65	149.71
1449.224	166.35
1450.798	188.18
1452.372	207.93
1453.945	230.8
1455.518	253.68
1457.091	286.95
1458.664	330.61
1460.236	381.56
1461.809	431.46
1463.381	490.72
1464.953	588.45
1466.524	723.6
1468.096	935.69
1469.667	1213.28
1471.238	1556.37
1472.809	1912.98
1474.379	2264.38
1475.949	2559.64
1477.519	2770.7
1479.089	2899.61
1480.659	2951.6
1482.228	2942.24
1483.798	2923.53
1485.366	2914.17
1486.935	2925.6
1488.504	2953.68
1490.072	2973.43
1491.64	2965.11
1493.208	2955.75
1494.776	2921.45
1496.343	2863.23
1497.91	2809.16
1499.477	2754.06
1501.044	2684.4
1502.61	2633.46
1504.176	2577.32
1505.742	2492.07
1507.308	2396.42
1508.874	2293.49
1510.439	2226.95
1512.004	2248.79
1513.569	2422.41
1515.134	2796.69
1516.698	3374.74
1518.262	4069.23
1519.826	4790.76
1521.39	5391.68
1522.953	5812.74
1524.517	6067.46
1526.08	6254.6
1527.642	6424.06
1529.205	6650.71
1530.767	6911.66
1532.329	7267.23
1533.891	7623.83
1535.453	7821.37
1537.014	7807.85
1538.575	7627.99
1540.136	7306.73
1541.697	6900.23
1543.257	6478.12
1544.817	6092.41
1546.377	5749.32
1547.937	5322.02
1549.497	4809.47
1551.056	4263.65
1552.615	3706.39
1554.174	3174.08
1555.732	2739.51
1557.29	2467.11
1558.848	2397.46
1560.406	2479.59
1561.964	2682.32
1563.521	2954.72
1565.078	3243.74
1566.635	3529.65
1568.192	3767.73
1569.748	3921.6
1571.304	4015.17
1572.86	4019.33
1574.416	3947.59
1575.971	3794.76
1577.526	3612.82
1579.081	3377.86
1580.636	3137.7
1582.19	2869.46
1583.744	2607.47
1585.298	2313.24
1586.852	2061.65
1588.405	1843.32
1589.958	1669.69
1591.511	1526.22
1593.064	1413.94
1594.616	1321.41
1596.169	1241.35
1597.721	1177.94
1599.272	1137.39
1600.824	1131.15
1602.375	1145.71
1603.926	1195.61
1605.477	1274.62
1607.027	1372.35
1608.577	1486.71
1610.127	1612.51
1611.677	1745.59
1613.226	1876.59
1614.775	1990.95
1616.324	2094.92
1617.873	2167.69
1619.422	2198.88
1620.97	2200.96
1622.518	2177.05
1624.065	2130.26
1625.613	2079.32
1627.16	2047.09
1628.707	1999.27
1630.253	1951.44
1631.8	1893.22
1633.346	1820.45
1634.892	1715.44
1636.438	1579.24
1637.983	1417.06
1639.528	1248.63
1641.073	1090.6
1642.618	939.85
1644.162	807.82
1645.706	716.33
1647.25	626.92
1648.793	549.98
1650.337	472.01
1651.88	415.86
1653.423	356.6
1654.965	317.1
1656.507	274.47
1658.049	244.32
1659.591	210.01
1661.133	192.34
1662.674	186.1
1664.215	170.5
1665.756	163.23
1667.296	148.67
1668.836	147.63
1670.376	148.67
1671.916	136.2
1673.455	141.39
1674.994	144.51
1676.533	139.31
1678.072	138.27
1679.61	140.35
1681.148	138.27
1682.686	146.59
1684.224	137.24
1685.761	147.63
1687.298	145.55
1688.835	144.51
1690.371	148.67
1691.907	156.99
1693.443	156.99
1694.979	161.15
1696.514	163.23
1698.049	163.23
1699.584	169.46
1701.119	171.54
1702.653	181.94
1704.187	177.78
1705.721	181.94
1707.255	192.34
1708.788	197.54
1710.321	198.58
