898.735	3926.8
900.365	4011.01
901.994	4101.46
903.623	4151.36
905.253	4231.42
906.882	4291.72
908.511	4360.34
910.14	4417.52
911.768	4483.02
913.397	4556.83
915.026	4647.28
916.654	4750.21
918.282	4910.32
919.911	5089.14
921.539	5291.87
923.167	5495.65
924.795	5703.58
926.422	5870.96
928.05	6026.91
929.678	6125.68
931.305	6206.77
932.932	6246.28
934.56	6273.31
936.187	6288.91
937.814	6299.3
939.44	6298.26
941.067	6303.46
942.694	6296.18
944.32	6299.3
945.947	6284.75
947.573	6263.95
949.199	6222.37
950.825	6184.94
952.451	6120.48
954.077	6045.63
955.703	5964.53
957.328	5874.08
958.954	5773.23
960.579	5703.58
962.204	5612.09
963.829	5538.27
965.454	5439.5
967.079	5357.37
968.704	5276.28
970.329	5207.66
971.953	5131.76
973.578	5087.06
975.202	5047.55
976.826	5049.63
978.45	5042.35
980.074	5012.2
981.698	4973.74
983.321	4911.36
984.945	4832.34
986.568	4727.34
988.191	4589.06
989.815	4454.95
991.438	4318.75
993.061	4190.87
994.683	4058.83
996.306	3949.67
997.929	3828.03
999.551	3733.42
1001.173	3664.8
1002.795	3616.98
1004.417	3602.42
1006.039	3632.57
1007.661	3705.35
1009.283	3803.08
1010.904	3912.24
1012.526	3972.54
1014.147	3964.23
1015.768	3910.16
1017.389	3788.52
1019.01	3604.5
1020.63	3400.73
1022.251	3203.19
1023.871	3025.41
1025.492	2879.86
1027.112	2799.81
1028.732	2703.12
1030.352	2638.66
1031.972	2557.56
1033.591	2503.5
1035.211	2443.2
1036.83	2368.35
1038.45	2294.53
1040.069	2197.84
1041.688	2100.11
1043.307	1989.91
1044.925	1876.59
1046.544	1759.11
1048.162	1660.34
1049.781	1569.89
1051.399	1500.23
1053.017	1434.73
1054.635	1375.47
1056.253	1320.37
1057.87	1273.58
1059.488	1226.8
1061.105	1181.05
1062.722	1140.51
1064.339	1102.04
1065.956	1063.57
1067.573	1030.3
1069.19	998.07
1070.806	962.73
1072.423	934.65
1074.039	910.74
1075.655	880.59
1077.271	856.68
1078.887	834.85
1080.502	806.78
1082.118	790.14
1083.733	766.23
1085.348	742.32
1086.963	728.8
1088.578	699.69
1090.193	684.1
1091.808	661.22
1093.422	646.67
1095.037	628.99
1096.651	607.16
1098.265	589.49
1099.879	571.81
1101.493	561.42
1103.106	535.43
1104.72	519.83
1106.333	501.12
1107.946	494.88
1109.559	473.05
1111.172	464.73
1112.785	452.25
1114.398	436.66
1116.01	422.1
1117.622	411.71
1119.234	403.39
1120.846	386.75
1122.458	372.2
1124.07	358.68
1125.681	347.25
1127.293	338.93
1128.904	335.81
1130.515	320.22
1132.126	309.82
1133.737	294.22
1135.347	289.03
1136.958	280.71
1138.568	272.39
1140.178	267.19
1141.788	261.99
1143.398	249.52
1145.008	248.48
1146.617	240.16
1148.227	228.73
1149.836	223.53
1151.445	218.33
1153.054	215.21
1154.663	210.01
1156.271	203.77
1157.88	190.26
1159.488	181.94
1161.096	185.06
1162.704	177.78
1164.312	165.31
1165.92	164.27
1167.527	161.15
1169.134	154.91
1170.741	151.79
1172.348	149.71
1173.955	143.47
1175.562	144.51
1177.168	134.12
1178.775	137.24
1180.381	132.04
1181.987	121.64
1183.593	125.8
1185.199	122.68
1186.804	118.52
1188.409	121.64
1190.015	115.4
1191.62	109.16
1193.225	106.05
1194.829	111.24
1196.434	101.89
1198.038	106.05
1199.642	103.97
1201.246	102.93
1202.85	98.77
1204.454	97.73
1206.057	89.41
1207.661	87.33
1209.264	88.37
1210.867	94.61
1212.47	88.37
1214.073	80.05
1215.675	88.37
1217.277	84.21
1218.88	72.78
1220.482	81.09
1222.083	76.93
1223.685	74.86
1225.287	74.86
1226.888	73.82
1228.489	66.54
1230.09	71.74
1231.691	63.42
1233.292	68.62
1234.892	66.54
1236.492	74.86
1238.092	62.38
1239.692	67.58
1241.292	60.3
1242.892	59.26
1244.491	53.02
1246.09	58.22
1247.689	59.26
1249.288	60.3
1250.887	51.98
1252.485	63.42
1254.084	57.18
1255.682	54.06
1257.28	51.98
1258.878	49.9
1260.475	44.71
1262.073	51.98
1263.67	54.06
1265.267	43.67
1266.864	49.9
1268.461	56.14
1270.057	42.63
1271.654	44.71
1273.25	48.86
1274.846	45.75
1276.442	43.67
1278.037	51.98
1279.633	39.51
1281.228	46.78
1282.823	38.47
1284.418	43.67
1286.013	33.27
1287.608	42.63
1289.202	37.43
1290.796	45.75
1292.39	37.43
1293.984	39.51
1295.577	46.78
1297.171	38.47
1298.764	38.47
1300.357	42.63
1301.95	39.51
1303.543	40.55
1305.135	35.35
1306.728	37.43
1308.32	46.78
1309.912	33.27
1311.503	34.31
1313.095	43.67
1314.686	39.51
1316.277	35.35
1317.868	27.03
1319.459	33.27
1321.05	38.47
1322.64	36.39
1324.23	33.27
1325.82	29.11
1327.41	36.39
1329	39.51
1330.589	36.39
1332.179	43.67
1333.768	31.19
1335.357	33.27
1336.945	36.39
1338.534	37.43
1340.122	35.35
1341.71	34.31
1343.298	43.67
1344.886	32.23
1346.473	34.31
1348.06	36.39
1349.648	37.43
1351.234	37.43
1352.821	32.23
1354.408	30.15
1355.994	27.03
1357.58	34.31
1359.166	33.27
1360.752	42.63
1362.337	41.59
1363.923	37.43
1365.508	40.55
1367.093	40.55
1368.677	38.47
1370.262	43.67
1371.846	38.47
1373.43	40.55
1375.014	37.43
1376.598	43.67
1378.181	40.55
1379.765	44.71
1381.348	46.78
1382.931	44.71
1384.513	40.55
1386.096	49.9
1387.678	50.94
1389.26	47.82
1390.842	48.86
1392.424	54.06
1394.005	48.86
1395.586	51.98
1397.168	45.75
1398.748	53.02
1400.329	49.9
1401.909	55.1
1403.49	55.1
1405.07	58.22
1406.649	55.1
1408.229	61.34
1409.808	64.46
1411.388	57.18
1412.967	70.7
1414.545	74.86
1416.124	70.7
1417.702	80.05
1419.28	88.37
1420.858	91.49
1422.436	88.37
1424.013	93.57
1425.591	95.65
1427.168	105.01
1428.745	108.12
1430.321	115.4
1431.898	123.72
1433.474	127.88
1435.05	141.39
1436.626	155.95
1438.201	171.54
1439.777	194.42
1441.352	218.33
1442.927	242.24
1444.501	278.63
1446.076	311.9
1447.65	348.29
1449.224	388.83
1450.798	430.42
1452.372	491.76
1453.945	549.98
1455.518	613.4
1457.091	694.49
1458.664	791.18
1460.236	896.19
1461.809	1027.18
1463.381	1178.98
1464.953	1399.38
1466.524	1747.67
1468.096	2259.18
1469.667	2929.76
1471.238	3762.53
1472.809	4637.93
1474.379	5475.89
1475.949	6177.66
1477.519	6655.91
1479.089	6958.45
1480.659	7063.45
1482.228	7037.46
1483.798	6984.44
1485.366	6969.88
1486.935	6991.72
1488.504	7067.61
1490.072	7104
1491.64	7105.04
1493.208	7055.14
1494.776	6967.8
1496.343	6844.09
1497.91	6704.77
1499.477	6558.18
1501.044	6394.95
1502.61	6252.52
1504.176	6111.12
1505.742	5910.47
1507.308	5661.99
1508.874	5407.27
1510.439	5270.04
1512.004	5342.82
1513.569	5792.99
1515.134	6740.12
1516.698	8164.45
1518.262	9871.58
1519.826	11616.13
1521.39	13037.34
1522.953	14020.86
1524.517	14597.87
1526.08	15055.32
1527.642	15499.26
1529.205	16065.87
1530.767	16784.28
1532.329	17712.7
1533.891	18601.61
1535.453	19073.61
1537.014	18988.36
1538.575	18510.12
1540.136	17673.19
1541.697	16669.92
1543.257	15651.05
1544.817	14760.06
1546.377	13923.13
1547.937	12862.68
1549.497	11611.97
1551.056	10261.45
1552.615	8897.41
1554.174	7612.39
1555.732	6604.96
1557.29	6003
1558.848	5872
1560.406	6131.92
1561.964	6669.42
1563.521	7390.95
1565.078	8165.49
1566.635	8896.37
1568.192	9501.46
1569.748	9907.96
1571.304	10132.53
1572.86	10135.65
1574.416	9949.55
1575.971	9577.35
1577.526	9094.95
1579.081	8516.9
1580.636	7896.22
1582.19	7212.12
1583.744	6525.95
1585.298	5803.38
1586.852	5155.68
1588.405	4597.38
1589.958	4158.64
1591.511	3801
1593.064	3532.77
1594.616	3290.53
1596.169	3086.75
1597.721	2928.72
1599.272	2828.92
1600.824	2798.77
1602.375	2843.47
1603.926	2966.15
1605.477	3159.53
1607.027	3417.36
1608.577	3704.31
1610.127	4013.09
1611.677	4339.54
1613.226	4661.84
1614.775	4961.26
1616.324	5208.7
1617.873	5386.48
1619.422	5468.61
1620.97	5463.42
1622.518	5388.56
1624.065	5279.4
1625.613	5152.56
1627.16	5067.31
1628.707	4951.9
1630.253	4847.94
1631.8	4688.87
1633.346	4494.45
1634.892	4205.43
1636.438	3850.9
1637.983	3435.04
1639.528	3013.98
1641.073	2600.19
1642.618	2238.39
1644.162	1935.85
1645.706	1685.29
1647.25	1462.8
1648.793	1263.19
1650.337	1088.52
1651.88	937.77
1653.423	799.5
1654.965	684.1
1656.507	604.04
1658.049	521.91
1659.591	456.41
1661.133	405.47
1662.674	372.2
1664.215	338.93
1665.756	313.98
1667.296	291.1
1668.836	282.79
1670.376	272.39
1671.916	258.88
1673.455	254.72
1674.994	249.52
1676.533	252.64
1678.072	247.44
1679.61	247.44
1681.148	243.28
1682.686	257.84
1684.224	246.4
1685.761	255.76
1687.298	254.72
1688.835	263.03
1690.371	260.95
1691.907	268.23
1693.443	270.31
1694.979	278.63
1696.514	283.83
1698.049	286.95
1699.584	291.1
1701.119	297.34
1702.653	309.82
1704.187	316.06
1705.721	320.22
1707.255	326.45
1708.788	333.73
1710.321	343.09
