898.735	3994.38
900.365	4084.83
901.994	4164.88
903.623	4228.3
905.253	4303.15
906.882	4366.57
908.511	4438.31
910.14	4497.57
911.768	4567.23
913.397	4632.73
915.026	4716.94
916.654	4817.79
918.282	4982.05
919.911	5152.56
921.539	5356.33
923.167	5565.3
924.795	5773.23
926.422	5954.14
928.05	6111.12
929.678	6226.53
931.305	6313.86
932.932	6359.6
934.56	6390.79
936.187	6407.43
937.814	6415.74
939.44	6421.98
941.067	6427.18
942.694	6417.82
944.32	6423.02
945.947	6404.31
947.573	6384.56
949.199	6348.17
950.825	6308.66
952.451	6250.44
954.077	6171.42
955.703	6084.09
957.328	5998.84
958.954	5905.27
960.579	5833.54
962.204	5736.85
963.829	5653.67
965.454	5558.03
967.079	5475.89
968.704	5386.48
970.329	5327.22
971.953	5249.25
973.578	5204.54
975.202	5159.84
976.826	5144.24
978.45	5139.04
980.074	5107.85
981.698	5068.34
983.321	4999.73
984.945	4921.75
986.568	4816.75
988.191	4679.51
989.815	4546.44
991.438	4408.16
993.061	4281.32
994.683	4143.05
996.306	4031.8
997.929	3906
999.551	3809.32
1001.173	3742.78
1002.795	3684.56
1004.417	3676.24
1006.039	3691.83
1007.661	3754.21
1009.283	3851.94
1010.904	3954.87
1012.526	4017.25
1014.147	4020.37
1015.768	3961.11
1017.389	3842.59
1019.01	3667.92
1020.63	3464.15
1022.251	3262.45
1023.871	3078.43
1025.492	2929.76
1027.112	2844.51
1028.732	2747.82
1030.352	2672.97
1031.972	2602.27
1033.591	2544.05
1035.211	2479.59
1036.83	2406.81
1038.45	2326.76
1040.069	2232.15
1041.688	2134.42
1043.307	2022.14
1044.925	1908.82
1046.544	1795.49
1048.162	1690.49
1049.781	1599
1051.399	1524.14
1053.017	1461.76
1054.635	1397.3
1056.253	1354.68
1057.87	1303.73
1059.488	1249.67
1061.105	1200.81
1062.722	1164.42
1064.339	1125.95
1065.956	1085.41
1067.573	1047.98
1069.19	1017.83
1070.806	982.48
1072.423	954.41
1074.039	927.38
1075.655	899.31
1077.271	872.28
1078.887	848.36
1080.502	822.37
1082.118	808.86
1083.733	784.94
1085.348	755.83
1086.963	740.24
1088.578	712.17
1090.193	697.61
1091.808	672.66
1093.422	653.95
1095.037	637.31
1096.651	618.6
1098.265	596.77
1099.879	580.13
1101.493	564.54
1103.106	548.94
1104.72	523.99
1106.333	508.39
1107.946	499.04
1109.559	486.56
1111.172	472.01
1112.785	457.45
1114.398	439.78
1116.01	429.38
1117.622	413.78
1119.234	408.59
1120.846	387.79
1122.458	379.48
1124.07	365.96
1125.681	358.68
1127.293	346.21
1128.904	330.61
1130.515	323.33
1132.126	312.94
1133.737	295.26
1135.347	296.3
1136.958	283.83
1138.568	278.63
1140.178	268.23
1141.788	265.11
1143.398	252.64
1145.008	255.76
1146.617	243.28
1148.227	229.76
1149.836	219.37
1151.445	213.13
1153.054	220.41
1154.663	208.97
1156.271	204.81
1157.88	189.22
1159.488	189.22
1161.096	179.86
1162.704	176.74
1164.312	176.74
1165.92	167.39
1167.527	161.15
1169.134	159.07
1170.741	149.71
1172.348	147.63
1173.955	142.43
1175.562	142.43
1177.168	139.31
1178.775	138.27
1180.381	131
1181.987	125.8
1183.593	124.76
1185.199	122.68
1186.804	121.64
1188.409	117.48
1190.015	112.28
1191.62	114.36
1193.225	101.89
1194.829	109.16
1196.434	102.93
1198.038	109.16
1199.642	103.97
1201.246	101.89
1202.85	95.65
1204.454	100.85
1206.057	90.45
1207.661	85.25
1209.264	92.53
1210.867	91.49
1212.47	84.21
1214.073	84.21
1215.675	81.09
1217.277	75.9
1218.88	73.82
1220.482	75.9
1222.083	70.7
1223.685	73.82
1225.287	63.42
1226.888	65.5
1228.489	65.5
1230.09	65.5
1231.691	62.38
1233.292	65.5
1234.892	55.1
1236.492	69.66
1238.092	57.18
1239.692	56.14
1241.292	57.18
1242.892	59.26
1244.491	54.06
1246.09	56.14
1247.689	56.14
1249.288	57.18
1250.887	50.94
1252.485	51.98
1254.084	51.98
1255.682	50.94
1257.28	50.94
1258.878	45.75
1260.475	41.59
1262.073	48.86
1263.67	45.75
1265.267	43.67
1266.864	42.63
1268.461	49.9
1270.057	45.75
1271.654	39.51
1273.25	44.71
1274.846	38.47
1276.442	40.55
1278.037	44.71
1279.633	33.27
1281.228	45.75
1282.823	40.55
1284.418	42.63
1286.013	32.23
1287.608	37.43
1289.202	30.15
1290.796	35.35
1292.39	30.15
1293.984	36.39
1295.577	36.39
1297.171	32.23
1298.764	31.19
1300.357	34.31
1301.95	32.23
1303.543	38.47
1305.135	27.03
1306.728	32.23
1308.32	34.31
1309.912	31.19
1311.503	27.03
1313.095	36.39
1314.686	36.39
1316.277	33.27
1317.868	21.83
1319.459	28.07
1321.05	31.19
1322.64	33.27
1324.23	25.99
1325.82	21.83
1327.41	27.03
1329	32.23
1330.589	29.11
1332.179	35.35
1333.768	32.23
1335.357	27.03
1336.945	30.15
1338.534	22.87
1340.122	23.91
1341.71	25.99
1343.298	40.55
1344.886	34.31
1346.473	29.11
1348.06	31.19
1349.648	30.15
1351.234	36.39
1352.821	27.03
1354.408	22.87
1355.994	22.87
1357.58	29.11
1359.166	27.03
1360.752	35.35
1362.337	30.15
1363.923	36.39
1365.508	30.15
1367.093	33.27
1368.677	39.51
1370.262	39.51
1371.846	31.19
1373.43	39.51
1375.014	24.95
1376.598	37.43
1378.181	45.75
1379.765	37.43
1381.348	39.51
1382.931	40.55
1384.513	43.67
1386.096	43.67
1387.678	41.59
1389.26	47.82
1390.842	43.67
1392.424	47.82
1394.005	39.51
1395.586	47.82
1397.168	36.39
1398.748	50.94
1400.329	50.94
1401.909	56.14
1403.49	54.06
1405.07	61.34
1406.649	56.14
1408.229	55.1
1409.808	59.26
1411.388	60.3
1412.967	64.46
1414.545	74.86
1416.124	65.5
1417.702	74.86
1419.28	81.09
1420.858	82.13
1422.436	87.33
1424.013	88.37
1425.591	90.45
1427.168	97.73
1428.745	107.09
1430.321	112.28
1431.898	118.52
1433.474	124.76
1435.05	144.51
1436.626	154.91
1438.201	171.54
1439.777	192.34
1441.352	213.13
1442.927	243.28
1444.501	271.35
1446.076	305.66
1447.65	342.05
1449.224	385.71
1450.798	429.38
1452.372	486.56
1453.945	551.02
1455.518	611.32
1457.091	693.45
1458.664	791.18
1460.236	895.15
1461.809	1024.07
1463.381	1177.94
1464.953	1396.26
1466.524	1736.23
1468.096	2229.03
1469.667	2908.97
1471.238	3728.22
1472.809	4605.7
1474.379	5457.18
1475.949	6163.11
1477.519	6664.22
1479.089	6979.24
1480.659	7104
1482.228	7090.48
1483.798	7039.54
1485.366	7018.75
1486.935	7037.46
1488.504	7106.08
1490.072	7140.39
1491.64	7149.75
1493.208	7108.16
1494.776	7022.91
1496.343	6895.03
1497.91	6757.79
1499.477	6609.12
1501.044	6441.74
1502.61	6305.54
1504.176	6150.63
1505.742	5945.82
1507.308	5701.5
1508.874	5442.62
1510.439	5289.79
1512.004	5350.09
1513.569	5781.55
1515.134	6694.37
1516.698	8084.4
1518.262	9753.06
1519.826	11490.33
1521.39	12934.42
1522.953	13946.01
1524.517	14567.72
1526.08	15052.2
1527.642	15504.46
1529.205	16066.91
1530.767	16765.57
1532.329	17669.03
1533.891	18542.35
1535.453	19029.95
1537.014	18995.64
1538.575	18561.06
1540.136	17771.96
1541.697	16784.28
1543.257	15774.77
1544.817	14858.83
1546.377	14030.22
1547.937	12972.88
1549.497	11723.21
1551.056	10388.29
1552.615	9031.53
1554.174	7735.07
1555.732	6697.49
1557.29	6068.5
1558.848	5902.15
1560.406	6151.67
1561.964	6672.54
1563.521	7379.51
1565.078	8154.06
1566.635	8889.1
1568.192	9501.46
1569.748	9932.92
1571.304	10157.48
1572.86	10184.51
1574.416	10012.97
1575.971	9661.57
1577.526	9172.92
1579.081	8592.79
1580.636	7978.35
1582.19	7294.26
1583.744	6603.92
1585.298	5883.44
1586.852	5222.21
1588.405	4660.8
1589.958	4209.59
1591.511	3840.51
1593.064	3560.84
1594.616	3324.83
1596.169	3116.9
1597.721	2959.91
1599.272	2851.79
1600.824	2817.48
1602.375	2852.83
1603.926	2974.47
1605.477	3164.73
1607.027	3416.32
1608.577	3703.27
1610.127	4018.29
1611.677	4342.66
1613.226	4675.35
1614.775	4982.05
1616.324	5243.01
1617.873	5423.91
1619.422	5511.24
1620.97	5514.36
1622.518	5443.66
1624.065	5335.54
1625.613	5212.86
1627.16	5116.17
1628.707	4998.69
1630.253	4885.36
1631.8	4731.49
1633.346	4538.12
1634.892	4260.53
1636.438	3908.08
1637.983	3497.42
1639.528	3074.28
1641.073	2666.73
1642.618	2299.73
1644.162	1986.79
1645.706	1735.19
1647.25	1510.63
1648.793	1314.13
1650.337	1126.99
1651.88	968.96
1653.423	824.45
1654.965	708.01
1656.507	615.48
1658.049	535.43
1659.591	467.85
1661.133	414.82
1662.674	377.4
1664.215	344.13
1665.756	319.18
1667.296	292.14
1668.836	283.83
1670.376	273.43
1671.916	259.92
1673.455	255.76
1674.994	246.4
1676.533	247.44
1678.072	248.48
1679.61	248.48
1681.148	248.48
1682.686	252.64
1684.224	241.2
1685.761	254.72
1687.298	255.76
1688.835	260.95
1690.371	263.03
1691.907	271.35
1693.443	268.23
1694.979	279.67
1696.514	281.75
1698.049	283.83
1699.584	297.34
1701.119	299.42
1702.653	315.02
1704.187	315.02
1705.721	321.26
1707.255	329.57
1708.788	341.01
1710.321	342.05
