898.735	3588.91
900.365	3676.24
901.994	3766.69
903.623	3826.99
905.253	3907.04
906.882	3968.38
908.511	4042.2
910.14	4106.66
911.768	4176.32
913.397	4249.09
915.026	4339.54
916.654	4443.51
918.282	4605.7
919.911	4782.44
921.539	4983.09
923.167	5183.75
924.795	5397.92
926.422	5567.38
928.05	5731.65
929.678	5850.17
931.305	5940.62
932.932	6000.92
934.56	6041.47
936.187	6069.54
937.814	6091.37
939.44	6097.61
941.067	6115.28
942.694	6108.01
944.32	6117.36
945.947	6101.77
947.573	6086.17
949.199	6047.71
950.825	6015.48
952.451	5968.69
954.077	5922.95
955.703	5860.57
957.328	5795.07
958.954	5729.57
960.579	5682.78
962.204	5601.69
963.829	5527.87
965.454	5436.38
967.079	5364.65
968.704	5279.4
970.329	5209.74
971.953	5126.57
973.578	5063.15
975.202	4989.33
976.826	4932.15
978.45	4873.93
980.074	4795.95
981.698	4721.1
983.321	4637.93
984.945	4553.71
986.568	4451.83
988.191	4344.74
989.815	4241.81
991.438	4138.89
993.061	4029.72
994.683	3918.48
996.306	3818.67
997.929	3709.51
999.551	3615.94
1001.173	3533.81
1002.795	3462.07
1004.417	3397.61
1006.039	3345.63
1007.661	3306.12
1009.283	3269.73
1010.904	3241.66
1012.526	3210.47
1014.147	3154.33
1015.768	3089.87
1017.389	3004.62
1019.01	2903.77
1020.63	2801.89
1022.251	2705.2
1023.871	2602.27
1025.492	2508.7
1027.112	2447.36
1028.732	2369.39
1030.352	2310.13
1031.972	2237.35
1033.591	2185.37
1035.211	2130.26
1036.83	2072.04
1038.45	2014.86
1040.069	1948.32
1041.688	1890.1
1043.307	1825.64
1044.925	1758.07
1046.544	1691.53
1048.162	1629.15
1049.781	1567.81
1051.399	1515.83
1053.017	1469.04
1054.635	1418.1
1056.253	1377.55
1057.87	1340.12
1059.488	1290.22
1061.105	1259.03
1062.722	1221.6
1064.339	1189.37
1065.956	1158.18
1067.573	1122.83
1069.19	1089.56
1070.806	1059.41
1072.423	1030.3
1074.039	1006.39
1075.655	976.24
1077.271	937.77
1078.887	923.22
1080.502	894.11
1082.118	873.31
1083.733	847.32
1085.348	821.33
1086.963	800.54
1088.578	775.59
1090.193	755.83
1091.808	732.96
1093.422	710.09
1095.037	694.49
1096.651	670.58
1098.265	651.87
1099.879	635.23
1101.493	617.56
1103.106	594.69
1104.72	579.09
1106.333	559.34
1107.946	547.9
1109.559	531.27
1111.172	517.75
1112.785	501.12
1114.398	485.52
1116.01	462.65
1117.622	453.29
1119.234	448.09
1120.846	421.06
1122.458	413.78
1124.07	400.27
1125.681	389.87
1127.293	376.36
1128.904	367
1130.515	357.64
1132.126	341.01
1133.737	329.57
1135.347	317.1
1136.958	315.02
1138.568	300.46
1140.178	295.26
1141.788	284.87
1143.398	274.47
1145.008	274.47
1146.617	256.8
1148.227	242.24
1149.836	242.24
1151.445	233.92
1153.054	237.04
1154.663	225.61
1156.271	216.25
1157.88	206.89
1159.488	201.69
1161.096	196.5
1162.704	192.34
1164.312	182.98
1165.92	179.86
1167.527	175.7
1169.134	168.43
1170.741	164.27
1172.348	164.27
1173.955	158.03
1175.562	151.79
1177.168	147.63
1178.775	143.47
1180.381	138.27
1181.987	134.12
1183.593	135.16
1185.199	135.16
1186.804	120.6
1188.409	126.84
1190.015	117.48
1191.62	117.48
1193.225	108.12
1194.829	111.24
1196.434	107.09
1198.038	109.16
1199.642	108.12
1201.246	105.01
1202.85	97.73
1204.454	97.73
1206.057	91.49
1207.661	90.45
1209.264	85.25
1210.867	92.53
1212.47	84.21
1214.073	83.17
1215.675	83.17
1217.277	85.25
1218.88	77.97
1220.482	77.97
1222.083	74.86
1223.685	72.78
1225.287	68.62
1226.888	68.62
1228.489	68.62
1230.09	66.54
1231.691	59.26
1233.292	63.42
1234.892	63.42
1236.492	68.62
1238.092	62.38
1239.692	65.5
1241.292	62.38
1242.892	60.3
1244.491	56.14
1246.09	59.26
1247.689	56.14
1249.288	59.26
1250.887	46.78
1252.485	59.26
1254.084	53.02
1255.682	48.86
1257.28	48.86
1258.878	42.63
1260.475	43.67
1262.073	49.9
1263.67	46.78
1265.267	42.63
1266.864	42.63
1268.461	50.94
1270.057	46.78
1271.654	40.55
1273.25	38.47
1274.846	42.63
1276.442	39.51
1278.037	35.35
1279.633	34.31
1281.228	40.55
1282.823	33.27
1284.418	36.39
1286.013	24.95
1287.608	38.47
1289.202	36.39
1290.796	36.39
1292.39	28.07
1293.984	38.47
1295.577	35.35
1297.171	32.23
1298.764	33.27
1300.357	32.23
1301.95	31.19
1303.543	39.51
1305.135	29.11
1306.728	33.27
1308.32	31.19
1309.912	29.11
1311.503	27.03
1313.095	32.23
1314.686	29.11
1316.277	33.27
1317.868	22.87
1319.459	25.99
1321.05	30.15
1322.64	30.15
1324.23	28.07
1325.82	28.07
1327.41	29.11
1329	29.11
1330.589	29.11
1332.179	34.31
1333.768	29.11
1335.357	27.03
1336.945	32.23
1338.534	21.83
1340.122	25.99
1341.71	22.87
1343.298	39.51
1344.886	30.15
1346.473	25.99
1348.06	33.27
1349.648	31.19
1351.234	25.99
1352.821	29.11
1354.408	23.91
1355.994	23.91
1357.58	37.43
1359.166	28.07
1360.752	34.31
1362.337	32.23
1363.923	38.47
1365.508	34.31
1367.093	37.43
1368.677	36.39
1370.262	35.35
1371.846	32.23
1373.43	37.43
1375.014	28.07
1376.598	43.67
1378.181	43.67
1379.765	40.55
1381.348	39.51
1382.931	48.86
1384.513	49.9
1386.096	47.82
1387.678	44.71
1389.26	49.9
1390.842	49.9
1392.424	48.86
1394.005	47.82
1395.586	58.22
1397.168	48.86
1398.748	51.98
1400.329	54.06
1401.909	62.38
1403.49	60.3
1405.07	66.54
1406.649	60.3
1408.229	64.46
1409.808	65.5
1411.388	65.5
1412.967	71.74
1414.545	80.05
1416.124	71.74
1417.702	84.21
1419.28	96.69
1420.858	100.85
1422.436	99.81
1424.013	106.05
1425.591	105.01
1427.168	112.28
1428.745	128.92
1430.321	131
1431.898	141.39
1433.474	149.71
1435.05	170.5
1436.626	182.98
1438.201	204.81
1439.777	226.65
1441.352	253.68
1442.927	286.95
1444.501	324.37
1446.076	361.8
1447.65	405.47
1449.224	455.37
1450.798	514.63
1452.372	578.05
1453.945	651.87
1455.518	719.45
1457.091	815.09
1458.664	926.34
1460.236	1044.86
1461.809	1189.37
1463.381	1354.68
1464.953	1584.44
1466.524	1921.29
1468.096	2409.93
1469.667	3083.63
1471.238	3916.4
1472.809	4829.22
1474.379	5728.53
1475.949	6512.43
1477.519	7101.92
1479.089	7490.75
1480.659	7670.62
1482.228	7698.69
1483.798	7666.46
1485.366	7636.31
1486.935	7646.7
1488.504	7711.16
1490.072	7754.83
1491.64	7758.99
1493.208	7738.19
1494.776	7650.86
1496.343	7521.94
1497.91	7371.19
1499.477	7217.32
1501.044	7032.26
1502.61	6869.04
1504.176	6702.69
1505.742	6476.05
1507.308	6210.93
1508.874	5938.54
1510.439	5763.88
1512.004	5769.08
1513.569	6115.28
1515.134	6896.07
1516.698	8139.5
1518.262	9664.68
1519.826	11282.4
1521.39	12651.63
1522.953	13642.43
1524.517	14284.94
1526.08	14765.26
1527.642	15213.35
1529.205	15734.22
1530.767	16352.82
1532.329	17157.52
1533.891	17935.18
1535.453	18371.84
1537.014	18348.97
1538.575	17961.17
1540.136	17239.65
1541.697	16325.79
1543.257	15352.67
1544.817	14440.88
1546.377	13595.64
1547.937	12539.35
1549.497	11326.06
1551.056	10029.6
1552.615	8732.11
1554.174	7539.62
1555.732	6614.32
1557.29	6066.42
1558.848	5977.01
1560.406	6258.76
1561.964	6800.42
1563.521	7520.9
1565.078	8306.89
1566.635	9063.76
1568.192	9693.79
1569.748	10148.13
1571.304	10409.08
1572.86	10461.06
1574.416	10307.19
1575.971	9953.71
1577.526	9466.11
1579.081	8859.99
1580.636	8211.24
1582.19	7506.35
1583.744	6790.02
1585.298	6054.98
1586.852	5393.76
1588.405	4830.26
1589.958	4369.69
1591.511	4001.65
1593.064	3716.79
1594.616	3466.23
1596.169	3257.26
1597.721	3099.23
1599.272	2994.22
1600.824	2961.99
1602.375	2997.34
1603.926	3102.35
1605.477	3280.13
1607.027	3507.81
1608.577	3769.81
1610.127	4049.48
1611.677	4349.94
1613.226	4650.4
1614.775	4927.99
1616.324	5157.76
1617.873	5300.19
1619.422	5362.57
1620.97	5357.37
1622.518	5281.48
1624.065	5186.87
1625.613	5069.38
1627.16	4978.93
1628.707	4858.33
1630.253	4734.61
1631.8	4560.99
1633.346	4348.9
1634.892	4060.91
1636.438	3708.47
1637.983	3323.79
1639.528	2927.68
1641.073	2544.05
1642.618	2217.6
1644.162	1922.33
1645.706	1692.57
1647.25	1472.16
1648.793	1269.43
1650.337	1092.68
1651.88	942.97
1653.423	803.66
1654.965	697.61
1656.507	612.36
1658.049	531.27
1659.591	463.69
1661.133	416.9
1662.674	374.28
1664.215	346.21
1665.756	319.18
1667.296	294.22
1668.836	281.75
1670.376	271.35
1671.916	253.68
1673.455	249.52
1674.994	248.48
1676.533	238.08
1678.072	238.08
1679.61	238.08
1681.148	231.84
1682.686	252.64
1684.224	230.8
1685.761	242.24
1687.298	241.2
1688.835	242.24
1690.371	244.32
1691.907	252.64
1693.443	252.64
1694.979	259.92
1696.514	256.8
1698.049	267.19
1699.584	274.47
1701.119	273.43
1702.653	289.03
1704.187	287.99
1705.721	292.14
1707.255	301.5
1708.788	309.82
1710.321	315.02
