898.735	2083.48
900.365	2140.66
901.994	2181.21
903.623	2220.71
905.253	2264.38
906.882	2298.69
908.511	2336.12
910.14	2379.78
911.768	2412.01
913.397	2454.64
915.026	2502.46
916.654	2559.64
918.282	2651.13
919.911	2745.74
921.539	2859.07
923.167	2980.71
924.795	3097.15
926.422	3198
928.05	3293.64
929.678	3357.06
931.305	3413.21
932.932	3444.4
934.56	3467.27
936.187	3483.9
937.814	3488.06
939.44	3501.58
941.067	3507.81
942.694	3506.77
944.32	3505.74
945.947	3499.5
947.573	3487.02
949.199	3470.39
950.825	3448.55
952.451	3422.56
954.077	3387.21
955.703	3349.79
957.328	3314.44
958.954	3268.69
960.579	3242.7
962.204	3191.76
963.829	3155.37
965.454	3099.23
967.079	3058.68
968.704	3008.78
970.329	2977.59
971.953	2926.64
973.578	2894.41
975.202	2854.91
976.826	2826.84
978.45	2810.2
980.074	2765.5
981.698	2724.95
983.321	2684.4
984.945	2641.78
986.568	2582.52
988.191	2514.94
989.815	2451.52
991.438	2391.22
993.061	2328.84
994.683	2257.1
996.306	2206.16
997.929	2136.5
999.551	2092.84
1001.173	2043.97
1002.795	2003.43
1004.417	1977.43
1006.039	1953.52
1007.661	1951.44
1009.283	1945.2
1010.904	1956.64
1012.526	1940.01
1014.147	1915.05
1015.768	1885.94
1017.389	1829.8
1019.01	1765.34
1020.63	1691.53
1022.251	1629.15
1023.871	1562.61
1025.492	1491.91
1027.112	1461.76
1028.732	1409.78
1030.352	1381.71
1031.972	1335.96
1033.591	1313.09
1035.211	1271.5
1036.83	1238.24
1038.45	1206.01
1040.069	1157.14
1041.688	1118.67
1043.307	1077.09
1044.925	1031.34
1046.544	992.88
1048.162	946.09
1049.781	907.62
1051.399	877.47
1053.017	849.4
1054.635	808.86
1056.253	796.38
1057.87	769.35
1059.488	740.24
1061.105	720.48
1062.722	697.61
1064.339	678.9
1065.956	662.26
1067.573	641.47
1069.19	624.84
1070.806	606.12
1072.423	588.45
1074.039	580.13
1075.655	560.38
1077.271	535.43
1078.887	531.27
1080.502	514.63
1082.118	502.16
1083.733	483.44
1085.348	475.12
1086.963	467.85
1088.578	448.09
1090.193	435.62
1091.808	416.9
1093.422	410.67
1095.037	405.47
1096.651	389.87
1098.265	378.44
1099.879	362.84
1101.493	360.76
1103.106	347.25
1104.72	337.89
1106.333	321.26
1107.946	323.33
1109.559	309.82
1111.172	305.66
1112.785	297.34
1114.398	287.99
1116.01	277.59
1117.622	268.23
1119.234	270.31
1120.846	248.48
1122.458	242.24
1124.07	232.88
1125.681	233.92
1127.293	225.61
1128.904	220.41
1130.515	215.21
1132.126	202.73
1133.737	191.3
1135.347	191.3
1136.958	188.18
1138.568	179.86
1140.178	188.18
1141.788	173.62
1143.398	166.35
1145.008	172.58
1146.617	162.19
1148.227	154.91
1149.836	149.71
1151.445	144.51
1153.054	145.55
1154.663	140.35
1156.271	136.2
1157.88	128.92
1159.488	122.68
1161.096	128.92
1162.704	128.92
1164.312	118.52
1165.92	111.24
1167.527	113.32
1169.134	108.12
1170.741	100.85
1172.348	107.09
1173.955	98.77
1175.562	99.81
1177.168	97.73
1178.775	98.77
1180.381	91.49
1181.987	87.33
1183.593	85.25
1185.199	95.65
1186.804	82.13
1188.409	85.25
1190.015	81.09
1191.62	79.01
1193.225	73.82
1194.829	75.9
1196.434	75.9
1198.038	80.05
1199.642	73.82
1201.246	67.58
1202.85	66.54
1204.454	70.7
1206.057	64.46
1207.661	65.5
1209.264	62.38
1210.867	68.62
1212.47	61.34
1214.073	59.26
1215.675	66.54
1217.277	63.42
1218.88	56.14
1220.482	53.02
1222.083	55.1
1223.685	55.1
1225.287	48.86
1226.888	51.98
1228.489	48.86
1230.09	47.82
1231.691	48.86
1233.292	50.94
1234.892	50.94
1236.492	53.02
1238.092	45.75
1239.692	50.94
1241.292	48.86
1242.892	47.82
1244.491	43.67
1246.09	43.67
1247.689	43.67
1249.288	42.63
1250.887	34.31
1252.485	47.82
1254.084	39.51
1255.682	40.55
1257.28	43.67
1258.878	36.39
1260.475	35.35
1262.073	37.43
1263.67	36.39
1265.267	33.27
1266.864	36.39
1268.461	40.55
1270.057	38.47
1271.654	35.35
1273.25	33.27
1274.846	36.39
1276.442	38.47
1278.037	36.39
1279.633	28.07
1281.228	37.43
1282.823	34.31
1284.418	27.03
1286.013	27.03
1287.608	29.11
1289.202	34.31
1290.796	33.27
1292.39	24.95
1293.984	30.15
1295.577	33.27
1297.171	24.95
1298.764	29.11
1300.357	36.39
1301.95	32.23
1303.543	33.27
1305.135	18.71
1306.728	28.07
1308.32	33.27
1309.912	28.07
1311.503	22.87
1313.095	28.07
1314.686	27.03
1316.277	29.11
1317.868	17.67
1319.459	21.83
1321.05	23.91
1322.64	31.19
1324.23	21.83
1325.82	25.99
1327.41	28.07
1329	29.11
1330.589	30.15
1332.179	37.43
1333.768	28.07
1335.357	28.07
1336.945	33.27
1338.534	27.03
1340.122	27.03
1341.71	23.91
1343.298	34.31
1344.886	36.39
1346.473	32.23
1348.06	29.11
1349.648	25.99
1351.234	28.07
1352.821	22.87
1354.408	30.15
1355.994	19.75
1357.58	31.19
1359.166	23.91
1360.752	31.19
1362.337	29.11
1363.923	33.27
1365.508	30.15
1367.093	32.23
1368.677	33.27
1370.262	28.07
1371.846	30.15
1373.43	32.23
1375.014	24.95
1376.598	35.35
1378.181	32.23
1379.765	37.43
1381.348	33.27
1382.931	35.35
1384.513	31.19
1386.096	35.35
1387.678	34.31
1389.26	35.35
1390.842	32.23
1392.424	37.43
1394.005	35.35
1395.586	39.51
1397.168	28.07
1398.748	32.23
1400.329	34.31
1401.909	40.55
1403.49	44.71
1405.07	44.71
1406.649	38.47
1408.229	40.55
1409.808	40.55
1411.388	38.47
1412.967	44.71
1414.545	45.75
1416.124	37.43
1417.702	49.9
1419.28	48.86
1420.858	55.1
1422.436	48.86
1424.013	55.1
1425.591	57.18
1427.168	55.1
1428.745	65.5
1430.321	68.62
1431.898	66.54
1433.474	71.74
1435.05	88.37
1436.626	81.09
1438.201	92.53
1439.777	103.97
1441.352	116.44
1442.927	131
1444.501	144.51
1446.076	155.95
1447.65	172.58
1449.224	190.26
1450.798	208.97
1452.372	237.04
1453.945	266.15
1455.518	294.22
1457.091	333.73
1458.664	374.28
1460.236	415.86
1461.809	483.44
1463.381	544.78
1464.953	635.23
1466.524	781.82
1468.096	979.36
1469.667	1267.35
1471.238	1602.12
1472.809	1969.12
1474.379	2337.16
1475.949	2648.02
1477.519	2880.9
1479.089	3034.77
1480.659	3101.31
1482.228	3116.9
1483.798	3092.99
1485.366	3080.51
1486.935	3086.75
1488.504	3120.02
1490.072	3139.77
1491.64	3138.74
1493.208	3126.26
1494.776	3097.15
1496.343	3036.85
1497.91	2979.67
1499.477	2922.49
1501.044	2852.83
1502.61	2793.57
1504.176	2729.11
1505.742	2645.94
1507.308	2547.17
1508.874	2436.96
1510.439	2357.95
1512.004	2369.39
1513.569	2508.7
1515.134	2838.27
1516.698	3360.18
1518.262	3992.3
1519.826	4672.23
1521.39	5239.89
1522.953	5653.67
1524.517	5912.55
1526.08	6103.85
1527.642	6266.03
1529.205	6472.93
1530.767	6715.17
1532.329	7030.18
1533.891	7349.36
1535.453	7528.18
1537.014	7517.79
1538.575	7353.52
1540.136	7058.26
1541.697	6681.9
1543.257	6274.35
1544.817	5893.84
1546.377	5554.91
1547.937	5126.57
1549.497	4632.73
1551.056	4101.46
1552.615	3569.15
1554.174	3076.36
1555.732	2676.09
1557.29	2438
1558.848	2387.06
1560.406	2474.39
1561.964	2675.05
1563.521	2945.36
1565.078	3236.46
1566.635	3521.33
1568.192	3754.21
1569.748	3916.4
1571.304	4020.37
1572.86	4035.96
1574.416	3964.23
1575.971	3826.99
1577.526	3639.85
1579.081	3402.81
1580.636	3158.49
1582.19	2894.41
1583.744	2626.18
1585.298	2343.39
1586.852	2092.84
1588.405	1870.35
1589.958	1699.84
1591.511	1551.17
1593.064	1442.01
1594.616	1350.52
1596.169	1268.39
1597.721	1211.2
1599.272	1176.9
1600.824	1161.3
1602.375	1178.98
1603.926	1224.72
1605.477	1295.42
1607.027	1383.79
1608.577	1488.79
1610.127	1604.2
1611.677	1722.72
1613.226	1849.56
1614.775	1953.52
1616.324	2052.29
1617.873	2102.19
1619.422	2136.5
1620.97	2133.38
1622.518	2106.35
1624.065	2069.96
1625.613	2012.78
1627.16	1980.55
1628.707	1934.81
1630.253	1892.18
1631.8	1828.76
1633.346	1747.67
1634.892	1646.82
1636.438	1506.47
1637.983	1356.76
1639.528	1198.73
1641.073	1045.9
1642.618	912.82
1644.162	788.06
1645.706	709.05
1647.25	621.72
1648.793	539.58
1650.337	465.77
1651.88	414.82
1653.423	355.56
1654.965	316.06
1656.507	286.95
1658.049	246.4
1659.591	218.33
1661.133	194.42
1662.674	190.26
1664.215	181.94
1665.756	167.39
1667.296	150.75
1668.836	152.83
1670.376	152.83
1671.916	142.43
1673.455	139.31
1674.994	144.51
1676.533	138.27
1678.072	140.35
1679.61	140.35
1681.148	140.35
1682.686	152.83
1684.224	135.16
1685.761	146.59
1687.298	145.55
1688.835	144.51
1690.371	148.67
1691.907	150.75
1693.443	154.91
1694.979	161.15
1696.514	152.83
1698.049	163.23
1699.584	169.46
1701.119	163.23
1702.653	175.7
1704.187	177.78
1705.721	175.7
1707.255	181.94
1708.788	191.3
1710.321	190.26
