898.735	21140.46
900.365	21810
901.994	22478.5
903.623	23107.49
905.253	23776
906.882	24381.08
908.511	25013.19
910.14	25595.4
911.768	26223.36
913.397	26931.37
915.026	27765.17
916.654	28739.34
918.282	29987.97
919.911	31335.37
921.539	32822.08
923.167	34260.97
924.795	35688.43
926.422	37041.02
928.05	38199.21
929.678	39182.73
931.305	39890.73
932.932	40440.71
934.56	40848.26
936.187	41227.74
937.814	41550.03
939.44	41901.44
941.067	42205.02
942.694	42530.43
944.32	42860
945.947	43155.27
947.573	43364.24
949.199	43445.33
950.825	43435.98
952.451	43272.75
954.077	42961.89
955.703	42496.12
957.328	42006.44
958.954	41415.92
960.579	40960.54
962.204	40470.86
963.829	40093.47
965.454	39707.75
967.079	39369.86
968.704	39012.22
970.329	38737.75
971.953	38547.49
973.578	38618.19
975.202	39038.21
976.826	39695.28
978.45	40224.46
980.074	40678.8
981.698	41058.27
983.321	41399.28
984.945	41853.61
986.568	41804.75
988.191	41059.31
989.815	40099.71
991.438	39130.74
993.061	38234.55
994.683	37238.56
996.306	36219.69
997.929	35086.46
999.551	34257.85
1001.173	33893.97
1002.795	33913.73
1004.417	34552.08
1006.039	36013.84
1007.661	38434.17
1009.283	41266.2
1010.904	43912.14
1012.526	45603.67
1014.147	46341.83
1015.768	46276.33
1017.389	45378.06
1019.01	43514.99
1020.63	40835.79
1022.251	37730.32
1023.871	34924.28
1025.492	32796.09
1027.112	31454.93
1028.732	30418.39
1030.352	29669.83
1031.972	29066.83
1033.591	28635.37
1035.211	27962.71
1036.83	27006.22
1038.45	25863.63
1040.069	24613.96
1041.688	23299.83
1043.307	21859.9
1044.925	20252.59
1046.544	18541.31
1048.162	16990.13
1049.781	15739.42
1051.399	14739.27
1053.017	13900.26
1054.635	13188.09
1056.253	12537.27
1057.87	11926.99
1059.488	11355.17
1061.105	10828.06
1062.722	10321.75
1064.339	9872.62
1065.956	9413.09
1067.573	9040.89
1069.19	8677.01
1070.806	8361.99
1072.423	8088.56
1074.039	7838
1075.655	7593.68
1077.271	7378.47
1078.887	7157.02
1080.502	6966.77
1082.118	6774.43
1083.733	6597.69
1085.348	6414.71
1086.963	6232.76
1088.578	6052.9
1090.193	5881.36
1091.808	5707.74
1093.422	5539.31
1095.037	5366.73
1096.651	5196.22
1098.265	5015.32
1099.879	4864.57
1101.493	4703.42
1103.106	4542.28
1104.72	4390.49
1106.333	4253.25
1107.946	4119.13
1109.559	3998.53
1111.172	3860.26
1112.785	3742.78
1114.398	3620.1
1116.01	3498.46
1117.622	3382.02
1119.234	3271.81
1120.846	3157.45
1122.458	3044.13
1124.07	2960.95
1125.681	2845.55
1127.293	2742.62
1128.904	2622.02
1130.515	2507.66
1132.126	2390.18
1133.737	2271.66
1135.347	2185.37
1136.958	2095.96
1138.568	2047.09
1140.178	1998.23
1141.788	1955.6
1143.398	1901.54
1145.008	1869.31
1146.617	1826.68
1148.227	1768.46
1149.836	1721.68
1151.445	1658.26
1153.054	1601.08
1154.663	1549.09
1156.271	1500.23
1157.88	1443.05
1159.488	1392.11
1161.096	1346.36
1162.704	1296.46
1164.312	1264.23
1165.92	1217.44
1167.527	1174.82
1169.134	1140.51
1170.741	1113.48
1172.348	1073.97
1173.955	1035.5
1175.562	1012.63
1177.168	977.28
1178.775	947.13
1180.381	923.22
1181.987	890.99
1183.593	861.88
1185.199	844.2
1186.804	809.9
1188.409	790.14
1190.015	772.47
1191.62	742.32
1193.225	725.68
1194.829	704.89
1196.434	678.9
1198.038	662.26
1199.642	651.87
1201.246	624.84
1202.85	606.12
1204.454	594.69
1206.057	570.77
1207.661	556.22
1209.264	531.27
1210.867	521.91
1212.47	510.47
1214.073	492.8
1215.675	480.32
1217.277	474.09
1218.88	458.49
1220.482	436.66
1222.083	439.78
1223.685	426.26
1225.287	413.78
1226.888	406.51
1228.489	400.27
1230.09	391.95
1231.691	378.44
1233.292	375.32
1234.892	365.96
1236.492	356.6
1238.092	353.48
1239.692	341.01
1241.292	344.13
1242.892	331.65
1244.491	317.1
1246.09	309.82
1247.689	299.42
1249.288	292.14
1250.887	284.87
1252.485	277.59
1254.084	270.31
1255.682	267.19
1257.28	258.88
1258.878	243.28
1260.475	240.16
1262.073	245.36
1263.67	237.04
1265.267	227.69
1266.864	223.53
1268.461	215.21
1270.057	215.21
1271.654	216.25
1273.25	203.77
1274.846	197.54
1276.442	196.5
1278.037	192.34
1279.633	190.26
1281.228	192.34
1282.823	196.5
1284.418	182.98
1286.013	175.7
1287.608	176.74
1289.202	176.74
1290.796	160.11
1292.39	165.31
1293.984	165.31
1295.577	161.15
1297.171	154.91
1298.764	148.67
1300.357	158.03
1301.95	148.67
1303.543	151.79
1305.135	139.31
1306.728	137.24
1308.32	139.31
1309.912	131
1311.503	134.12
1313.095	127.88
1314.686	121.64
1316.277	122.68
1317.868	119.56
1319.459	125.8
1321.05	114.36
1322.64	112.28
1324.23	103.97
1325.82	106.05
1327.41	94.61
1329	91.49
1330.589	76.93
1332.179	74.86
1333.768	71.74
1335.357	62.38
1336.945	57.18
1338.534	68.62
1340.122	53.02
1341.71	44.71
1343.298	41.59
1344.886	46.78
1346.473	44.71
1348.06	41.59
1349.648	36.39
1351.234	41.59
1352.821	36.39
1354.408	30.15
1355.994	32.23
1357.58	36.39
1359.166	34.31
1360.752	27.03
1362.337	31.19
1363.923	29.11
1365.508	25.99
1367.093	23.91
1368.677	32.23
1370.262	20.79
1371.846	31.19
1373.43	25.99
1375.014	27.03
1376.598	29.11
1378.181	35.35
1379.765	34.31
1381.348	34.31
1382.931	38.47
1384.513	34.31
1386.096	44.71
1387.678	42.63
1389.26	39.51
1390.842	43.67
1392.424	53.02
1394.005	54.06
1395.586	56.14
1397.168	58.22
1398.748	69.66
1400.329	66.54
1401.909	83.17
1403.49	97.73
1405.07	97.73
1406.649	116.44
1408.229	124.76
1409.808	121.64
1411.388	134.12
1412.967	121.64
1414.545	119.56
1416.124	115.4
1417.702	101.89
1419.28	90.45
1420.858	71.74
1422.436	68.62
1424.013	65.5
1425.591	53.02
1427.168	64.46
1428.745	59.26
1430.321	55.1
1431.898	57.18
1433.474	53.02
1435.05	49.9
1436.626	57.18
1438.201	59.26
1439.777	57.18
1441.352	64.46
1442.927	65.5
1444.501	69.66
1446.076	63.42
1447.65	62.38
1449.224	64.46
1450.798	66.54
1452.372	77.97
1453.945	75.9
1455.518	79.01
1457.091	84.21
1458.664	92.53
1460.236	90.45
1461.809	108.12
1463.381	105.01
1464.953	131
1466.524	143.47
1468.096	173.62
1469.667	221.45
1471.238	279.67
1472.809	327.49
1474.379	376.36
1475.949	412.75
1477.519	441.86
1479.089	475.12
1480.659	499.04
1482.228	512.55
1483.798	520.87
1485.366	542.7
1486.935	581.17
1488.504	610.28
1490.072	640.43
1491.64	675.78
1493.208	729.84
1494.776	787.02
1496.343	841.09
1497.91	884.75
1499.477	935.69
1501.044	1028.22
1502.61	1134.27
1504.176	1241.35
1505.742	1321.41
1507.308	1416.02
1508.874	1565.73
1510.439	1827.72
1512.004	2299.73
1513.569	3177.2
1515.134	4676.39
1516.698	6797.3
1518.262	9056.48
1519.826	11046.39
1521.39	12524.79
1522.953	13670.5
1524.517	14750.7
1526.08	15971.26
1527.642	17088.9
1529.205	17899.83
1530.767	18057.86
1532.329	18193.02
1533.891	18425.9
1535.453	18601.61
1537.014	18273.07
1538.575	17453.82
1540.136	16362.18
1541.697	15271.57
1543.257	14404.5
1544.817	13537.42
1546.377	12692.18
1547.937	12003.92
1549.497	11474.73
1551.056	10889.4
1552.615	10080.55
1554.174	9186.44
1555.732	8607.35
1557.29	8530.41
1558.848	9016.98
1560.406	10074.31
1561.964	11718.01
1563.521	13838.92
1565.078	16110.58
1566.635	18223.17
1568.192	20116.39
1569.748	21964.91
1571.304	23782.23
1572.86	25277.27
1574.416	25986.31
1575.971	25747.19
1577.526	24801.1
1579.081	23460.98
1580.636	21895.25
1582.19	20011.39
1583.744	17756.36
1585.298	15263.26
1586.852	12835.65
1588.405	10750.09
1589.958	9177.08
1591.511	8052.17
1593.064	7255.79
1594.616	6672.54
1596.169	6296.18
1597.721	6152.71
1599.272	6255.64
1600.824	6587.29
1602.375	7116.48
1603.926	7744.43
1605.477	8433.73
1607.027	9052.32
1608.577	9485.86
1610.127	9700.03
1611.677	9733.3
1613.226	9652.21
1614.775	9453.63
1616.324	9121.98
1617.873	8656.21
1619.422	8131.18
1620.97	7597.84
1622.518	7168.46
1624.065	6842.01
1625.613	6585.21
1627.16	6383.52
1628.707	6162.07
1630.253	5953.1
1631.8	5741.01
1633.346	5545.55
1634.892	5286.67
1636.438	4938.39
1637.983	4493.41
1639.528	3990.22
1641.073	3518.21
1642.618	3110.66
1644.162	2780.05
1645.706	2514.94
1647.25	2267.5
1648.793	2034.62
1650.337	1807.97
1651.88	1605.24
1653.423	1419.14
1654.965	1265.27
1656.507	1137.39
1658.049	1045.9
1659.591	954.41
1661.133	886.83
1662.674	833.81
1664.215	790.14
1665.756	752.71
1667.296	726.72
1668.836	713.21
1670.376	708.01
1671.916	697.61
1673.455	699.69
1674.994	699.69
1676.533	710.09
1678.072	712.17
1679.61	721.52
1681.148	732.96
1682.686	753.75
1684.224	762.07
1685.761	785.98
1687.298	803.66
1688.835	819.25
1690.371	851.48
1691.907	868.12
1693.443	903.46
1694.979	929.46
1696.514	964.8
1698.049	997.03
1699.584	1021.99
1701.119	1057.33
1702.653	1092.68
1704.187	1124.91
1705.721	1156.1
1707.255	1192.49
1708.788	1228.88
1710.321	1263.19
