898.735	19220.2
900.365	19836.72
901.994	20453.24
903.623	21013.62
905.253	21631.18
906.882	22189.47
908.511	22764.41
910.14	23296.71
911.768	23860.21
913.397	24474.65
915.026	25215.93
916.654	26080.92
918.282	27180.88
919.911	28368.18
921.539	29690.62
923.167	30956.93
924.795	32239.87
926.422	33425.09
928.05	34491.78
929.678	35354.7
931.305	35972.25
932.932	36426.59
934.56	36738.48
936.187	37045.18
937.814	37242.72
939.44	37487.04
941.067	37655.46
942.694	37839.48
944.32	37956.97
945.947	38035.98
947.573	38030.78
949.199	37964.24
950.825	37902.9
952.451	37712.65
954.077	37439.21
955.703	37029.59
957.328	36661.55
958.954	36204.1
960.579	35847.49
962.204	35422.27
963.829	35051.11
965.454	34615.5
967.079	34203.79
968.704	33764.01
970.329	33362.71
971.953	32964.52
973.578	32701.48
975.202	32567.37
976.826	32538.25
978.45	32463.4
980.074	32320.97
981.698	32115.11
983.321	31867.67
984.945	31686.77
986.568	31297.94
988.191	30618
989.815	29884
991.438	29122.97
993.061	28456.55
994.683	27730.86
996.306	27037.41
997.929	26276.38
999.551	25625.55
1001.173	25166.02
1002.795	24860.36
1004.417	24835.41
1006.039	25206.57
1007.661	25989.43
1009.283	26937.6
1010.904	27823.39
1012.526	28298.52
1014.147	28328.67
1015.768	28051.08
1017.389	27373.22
1019.01	26304.45
1020.63	24895.71
1022.251	23337.26
1023.871	21918.12
1025.492	20793.21
1027.112	20028.02
1028.732	19392.79
1030.352	18925.98
1031.972	18507
1033.591	18150.39
1035.211	17712.7
1036.83	17139.84
1038.45	16520.21
1040.069	15839.23
1041.688	15148.89
1043.307	14390.98
1044.925	13579.01
1046.544	12712.97
1048.162	11918.67
1049.781	11252.25
1051.399	10693.95
1053.017	10209.47
1054.635	9788.4
1056.253	9382.94
1057.87	9005.54
1059.488	8652.05
1061.105	8323.52
1062.722	8008.5
1064.339	7728.84
1065.956	7430.45
1067.573	7185.09
1069.19	6928.3
1070.806	6704.77
1072.423	6503.08
1074.039	6318.02
1075.655	6127.76
1077.271	5956.22
1078.887	5774.27
1080.502	5618.33
1082.118	5458.22
1083.733	5310.59
1085.348	5154.64
1086.963	5009.08
1088.578	4857.29
1090.193	4716.94
1091.808	4565.15
1093.422	4431.03
1095.037	4287.56
1096.651	4160.72
1098.265	4018.29
1099.879	3895.61
1101.493	3769.81
1103.106	3658.57
1104.72	3536.93
1106.333	3425.68
1107.946	3315.48
1109.559	3215.67
1111.172	3113.78
1112.785	3013.98
1114.398	2912.09
1116.01	2820.6
1117.622	2727.03
1119.234	2640.74
1120.846	2551.33
1122.458	2461.92
1124.07	2395.38
1125.681	2304.93
1127.293	2216.56
1128.904	2122.99
1130.515	2019.02
1132.126	1916.09
1133.737	1805.89
1135.347	1738.31
1136.958	1678.01
1138.568	1631.23
1140.178	1603.16
1141.788	1575.09
1143.398	1526.22
1145.008	1511.67
1146.617	1485.67
1148.227	1428.49
1149.836	1393.15
1151.445	1348.44
1153.054	1299.58
1154.663	1260.07
1156.271	1213.28
1157.88	1175.86
1159.488	1140.51
1161.096	1095.8
1162.704	1054.22
1164.312	1029.26
1165.92	990.8
1167.527	954.41
1169.134	926.34
1170.741	905.54
1172.348	876.43
1173.955	845.24
1175.562	822.37
1177.168	794.3
1178.775	765.19
1180.381	748.56
1181.987	715.29
1183.593	698.65
1185.199	685.14
1186.804	657.07
1188.409	639.39
1190.015	623.8
1191.62	603
1193.225	584.29
1194.829	568.69
1196.434	549.98
1198.038	536.46
1199.642	519.83
1201.246	504.24
1202.85	486.56
1204.454	475.12
1206.057	456.41
1207.661	450.17
1209.264	431.46
1210.867	415.86
1212.47	406.51
1214.073	399.23
1215.675	382.6
1217.277	383.63
1218.88	361.8
1220.482	352.44
1222.083	347.25
1223.685	342.05
1225.287	334.77
1226.888	321.26
1228.489	321.26
1230.09	310.86
1231.691	301.5
1233.292	307.74
1234.892	295.26
1236.492	286.95
1238.092	283.83
1239.692	271.35
1241.292	266.15
1242.892	255.76
1244.491	248.48
1246.09	250.56
1247.689	239.12
1249.288	228.73
1250.887	225.61
1252.485	217.29
1254.084	215.21
1255.682	211.05
1257.28	201.69
1258.878	193.38
1260.475	194.42
1262.073	188.18
1263.67	187.14
1265.267	181.94
1266.864	179.86
1268.461	174.66
1270.057	172.58
1271.654	166.35
1273.25	162.19
1274.846	159.07
1276.442	158.03
1278.037	151.79
1279.633	152.83
1281.228	147.63
1282.823	154.91
1284.418	145.55
1286.013	137.24
1287.608	142.43
1289.202	137.24
1290.796	135.16
1292.39	133.08
1293.984	131
1295.577	123.72
1297.171	127.88
1298.764	117.48
1300.357	123.72
1301.95	121.64
1303.543	122.68
1305.135	117.48
1306.728	110.2
1308.32	111.24
1309.912	108.12
1311.503	110.2
1313.095	101.89
1314.686	99.81
1316.277	103.97
1317.868	101.89
1319.459	106.05
1321.05	90.45
1322.64	94.61
1324.23	92.53
1325.82	89.41
1327.41	82.13
1329	75.9
1330.589	63.42
1332.179	68.62
1333.768	64.46
1335.357	54.06
1336.945	56.14
1338.534	54.06
1340.122	46.78
1341.71	39.51
1343.298	42.63
1344.886	41.59
1346.473	41.59
1348.06	36.39
1349.648	34.31
1351.234	40.55
1352.821	29.11
1354.408	28.07
1355.994	29.11
1357.58	36.39
1359.166	31.19
1360.752	23.91
1362.337	30.15
1363.923	35.35
1365.508	23.91
1367.093	25.99
1368.677	25.99
1370.262	23.91
1371.846	29.11
1373.43	25.99
1375.014	28.07
1376.598	32.23
1378.181	34.31
1379.765	36.39
1381.348	32.23
1382.931	39.51
1384.513	39.51
1386.096	46.78
1387.678	45.75
1389.26	46.78
1390.842	57.18
1392.424	60.3
1394.005	62.38
1395.586	65.5
1397.168	73.82
1398.748	87.33
1400.329	90.45
1401.909	108.12
1403.49	129.96
1405.07	137.24
1406.649	154.91
1408.229	169.46
1409.808	175.7
1411.388	179.86
1412.967	170.5
1414.545	170.5
1416.124	148.67
1417.702	138.27
1419.28	115.4
1420.858	102.93
1422.436	88.37
1424.013	86.29
1425.591	80.05
1427.168	79.01
1428.745	69.66
1430.321	71.74
1431.898	72.78
1433.474	72.78
1435.05	64.46
1436.626	71.74
1438.201	75.9
1439.777	70.7
1441.352	80.05
1442.927	76.93
1444.501	81.09
1446.076	81.09
1447.65	87.33
1449.224	82.13
1450.798	88.37
1452.372	96.69
1453.945	96.69
1455.518	109.16
1457.091	112.28
1458.664	116.44
1460.236	122.68
1461.809	139.31
1463.381	139.31
1464.953	176.74
1466.524	203.77
1468.096	254.72
1469.667	325.41
1471.238	414.82
1472.809	494.88
1474.379	564.54
1475.949	628.99
1477.519	680.98
1479.089	722.56
1480.659	749.6
1482.228	781.82
1483.798	792.22
1485.366	827.57
1486.935	879.55
1488.504	926.34
1490.072	975.2
1491.64	1032.38
1493.208	1108.28
1494.776	1203.93
1496.343	1280.86
1497.91	1344.28
1499.477	1426.41
1501.044	1567.81
1502.61	1733.11
1504.176	1891.14
1505.742	2008.62
1507.308	2145.86
1508.874	2372.51
1510.439	2759.26
1512.004	3483.9
1513.569	4850.02
1515.134	7193.41
1516.698	10483.94
1518.262	13988.63
1519.826	17074.34
1521.39	19351.2
1522.953	21112.39
1524.517	22743.61
1526.08	24586.93
1527.642	26233.75
1529.205	27343.07
1530.767	27462.63
1532.329	27585.31
1533.891	27895.13
1535.453	28126.98
1537.014	27571.8
1538.575	26249.35
1540.136	24565.1
1541.697	22916.2
1543.257	21608.3
1544.817	20308.73
1546.377	19019.55
1547.937	17946.62
1549.497	17130.49
1551.056	16235.34
1552.615	14989.83
1554.174	13616.43
1555.732	12720.25
1557.29	12597.57
1558.848	13362.76
1560.406	14992.94
1561.964	17579.62
1563.521	20929.41
1565.078	24454.89
1566.635	27735.02
1568.192	30671.02
1569.748	33554
1571.304	36382.92
1572.86	38716.96
1574.416	39869.94
1575.971	39552.84
1577.526	38129.55
1579.081	36133.4
1580.636	33766.09
1582.19	30880
1583.744	27450.16
1585.298	23577.42
1586.852	19806.57
1588.405	16578.43
1589.958	14138.34
1591.511	12400.03
1593.064	11155.56
1594.616	10252.09
1596.169	9652.21
1597.721	9408.93
1599.272	9556.56
1600.824	10088.87
1602.375	10920.59
1603.926	11947.78
1605.477	13063.33
1607.027	14075.96
1608.577	14819.32
1610.127	15187.36
1611.677	15283.01
1613.226	15181.12
1614.775	14877.54
1616.324	14361.87
1617.873	13622.67
1619.422	12764.95
1620.97	11914.51
1622.518	11228.33
1624.065	10692.91
1625.613	10298.88
1627.16	9976.58
1628.707	9624.14
1630.253	9281.05
1631.8	8948.36
1633.346	8629.18
1634.892	8212.28
1636.438	7637.35
1637.983	6915.82
1639.528	6113.2
1641.073	5359.45
1642.618	4711.74
1644.162	4191.91
1645.706	3758.37
1647.25	3363.3
1648.793	2994.22
1650.337	2630.34
1651.88	2304.93
1653.423	2000.31
1654.965	1751.83
1656.507	1547.01
1658.049	1380.67
1659.591	1236.16
1661.133	1115.56
1662.674	1027.18
1664.215	941.93
1665.756	883.71
1667.296	834.85
1668.836	797.42
1670.376	773.51
1671.916	748.56
1673.455	732.96
1674.994	728.8
1676.533	724.64
1678.072	723.6
1679.61	722.56
1681.148	727.76
1682.686	732.96
1684.224	739.2
1685.761	763.11
1687.298	772.47
1688.835	782.86
1690.371	805.74
1691.907	818.21
1693.443	847.32
1694.979	870.2
1696.514	902.43
1698.049	928.42
1699.584	947.13
1701.119	987.68
1702.653	1013.67
1704.187	1045.9
1705.721	1073.97
1707.255	1102.04
1708.788	1128.03
1710.321	1168.58
