898.735	13278.54
900.365	13553.01
901.994	13824.37
903.623	14038.54
905.253	14285.98
906.882	14502.22
908.511	14712.24
910.14	14904.57
911.768	15122.9
913.397	15357.86
915.026	15637.53
916.654	15989.98
918.282	16489.02
919.911	17072.27
921.539	17770.92
923.167	18452.93
924.795	19151.59
926.422	19758.75
928.05	20284.82
929.678	20703.8
931.305	21027.13
932.932	21232.99
934.56	21359.83
936.187	21465.87
937.814	21543.85
939.44	21640.53
941.067	21740.34
942.694	21865.1
944.32	21983.62
945.947	22078.23
947.573	22120.86
949.199	22071.99
950.825	21925.4
952.451	21630.14
954.077	21249.62
955.703	20767.22
957.328	20279.62
958.954	19752.51
960.579	19335.61
962.204	18914.54
963.829	18569.38
965.454	18247.08
967.079	18024.59
968.704	17829.14
970.329	17716.85
971.953	17690.86
973.578	17844.73
975.202	18167.03
976.826	18702.45
978.45	19284.66
980.074	19741.07
981.698	20024.9
983.321	20070.65
984.945	19902.22
986.568	19542.5
988.191	18937.42
989.815	18265.8
991.438	17616.01
993.061	17138.8
994.683	16664.72
996.306	16253.01
997.929	15908.89
999.551	15682.24
1001.173	15676
1002.795	15867.3
1004.417	16375.69
1006.039	17308.27
1007.661	18660.87
1009.283	20278.58
1010.904	21896.29
1012.526	23111.65
1014.147	23660.59
1015.768	23492.17
1017.389	22642.77
1019.01	21226.75
1020.63	19478.04
1022.251	17729.33
1023.871	16248.85
1025.492	15159.29
1027.112	14475.19
1028.732	13952.24
1030.352	13556.13
1031.972	13202.65
1033.591	12983.28
1035.211	12720.25
1036.83	12370.92
1038.45	11897.87
1040.069	11311.51
1041.688	10635.73
1043.307	9861.18
1044.925	9036.73
1046.544	8247.63
1048.162	7543.78
1049.781	6991.72
1051.399	6545.7
1053.017	6176.62
1054.635	5859.53
1056.253	5554.91
1057.87	5279.4
1059.488	5016.36
1061.105	4764.76
1062.722	4542.28
1064.339	4330.19
1065.956	4140.97
1067.573	3969.42
1069.19	3820.75
1070.806	3679.36
1072.423	3551.48
1074.039	3450.63
1075.655	3342.51
1077.271	3244.78
1078.887	3144.97
1080.502	3051.4
1082.118	2976.55
1083.733	2887.14
1085.348	2796.69
1086.963	2713.51
1088.578	2635.54
1090.193	2561.72
1091.808	2483.75
1093.422	2410.97
1095.037	2341.32
1096.651	2270.62
1098.265	2196.8
1099.879	2127.15
1101.493	2062.69
1103.106	1987.83
1104.72	1922.33
1106.333	1867.23
1107.946	1794.45
1109.559	1748.71
1111.172	1689.45
1112.785	1641.62
1114.398	1584.44
1116.01	1531.42
1117.622	1491.91
1119.234	1439.93
1120.846	1390.03
1122.458	1342.2
1124.07	1300.62
1125.681	1256.95
1127.293	1215.36
1128.904	1173.78
1130.515	1125.95
1132.126	1090.6
1133.737	1047.98
1135.347	1015.75
1136.958	984.56
1138.568	950.25
1140.178	924.26
1141.788	893.07
1143.398	857.72
1145.008	826.53
1146.617	799.5
1148.227	773.51
1149.836	738.16
1151.445	712.17
1153.054	687.22
1154.663	660.18
1156.271	633.15
1157.88	610.28
1159.488	597.8
1161.096	570.77
1162.704	549.98
1164.312	530.23
1165.92	518.79
1167.527	495.92
1169.134	479.28
1170.741	461.61
1172.348	452.25
1173.955	431.46
1175.562	418.98
1177.168	397.15
1178.775	383.63
1180.381	364.92
1181.987	354.52
1183.593	337.89
1185.199	330.61
1186.804	316.06
1188.409	305.66
1190.015	299.42
1191.62	286.95
1193.225	277.59
1194.829	272.39
1196.434	264.07
1198.038	253.68
1199.642	249.52
1201.246	242.24
1202.85	236
1204.454	242.24
1206.057	230.8
1207.661	219.37
1209.264	216.25
1210.867	211.05
1212.47	204.81
1214.073	204.81
1215.675	198.58
1217.277	191.3
1218.88	182.98
1220.482	179.86
1222.083	177.78
1223.685	175.7
1225.287	170.5
1226.888	169.46
1228.489	161.15
1230.09	166.35
1231.691	154.91
1233.292	160.11
1234.892	154.91
1236.492	150.75
1238.092	150.75
1239.692	144.51
1241.292	141.39
1242.892	142.43
1244.491	134.12
1246.09	138.27
1247.689	132.04
1249.288	136.2
1250.887	123.72
1252.485	122.68
1254.084	122.68
1255.682	127.88
1257.28	125.8
1258.878	115.4
1260.475	119.56
1262.073	113.32
1263.67	112.28
1265.267	113.32
1266.864	109.16
1268.461	105.01
1270.057	110.2
1271.654	100.85
1273.25	99.81
1274.846	99.81
1276.442	100.85
1278.037	97.73
1279.633	94.61
1281.228	96.69
1282.823	90.45
1284.418	92.53
1286.013	84.21
1287.608	102.93
1289.202	86.29
1290.796	80.05
1292.39	84.21
1293.984	87.33
1295.577	75.9
1297.171	84.21
1298.764	73.82
1300.357	80.05
1301.95	75.9
1303.543	75.9
1305.135	70.7
1306.728	77.97
1308.32	69.66
1309.912	69.66
1311.503	66.54
1313.095	72.78
1314.686	63.42
1316.277	69.66
1317.868	63.42
1319.459	67.58
1321.05	58.22
1322.64	66.54
1324.23	64.46
1325.82	61.34
1327.41	56.14
1329	65.5
1330.589	50.94
1332.179	55.1
1333.768	57.18
1335.357	48.86
1336.945	57.18
1338.534	59.26
1340.122	47.82
1341.71	55.1
1343.298	50.94
1344.886	55.1
1346.473	49.9
1348.06	49.9
1349.648	41.59
1351.234	46.78
1352.821	51.98
1354.408	43.67
1355.994	40.55
1357.58	47.82
1359.166	41.59
1360.752	46.78
1362.337	42.63
1363.923	40.55
1365.508	45.75
1367.093	44.71
1368.677	44.71
1370.262	38.47
1371.846	39.51
1373.43	44.71
1375.014	33.27
1376.598	41.59
1378.181	30.15
1379.765	38.47
1381.348	35.35
1382.931	46.78
1384.513	48.86
1386.096	40.55
1387.678	40.55
1389.26	40.55
1390.842	39.51
1392.424	42.63
1394.005	32.23
1395.586	38.47
1397.168	33.27
1398.748	39.51
1400.329	35.35
1401.909	33.27
1403.49	38.47
1405.07	31.19
1406.649	36.39
1408.229	38.47
1409.808	32.23
1411.388	37.43
1412.967	35.35
1414.545	32.23
1416.124	25.99
1417.702	36.39
1419.28	23.91
1420.858	34.31
1422.436	29.11
1424.013	32.23
1425.591	31.19
1427.168	31.19
1428.745	37.43
1430.321	37.43
1431.898	33.27
1433.474	37.43
1435.05	40.55
1436.626	41.59
1438.201	28.07
1439.777	46.78
1441.352	42.63
1442.927	46.78
1444.501	45.75
1446.076	48.86
1447.65	50.94
1449.224	63.42
1450.798	59.26
1452.372	65.5
1453.945	73.82
1455.518	76.93
1457.091	84.21
1458.664	90.45
1460.236	96.69
1461.809	108.12
1463.381	126.84
1464.953	144.51
1466.524	172.58
1468.096	216.25
1469.667	277.59
1471.238	343.09
1472.809	418.98
1474.379	495.92
1475.949	551.02
1477.519	597.8
1479.089	627.95
1480.659	640.43
1482.228	649.79
1483.798	656.03
1485.366	663.3
1486.935	678.9
1488.504	695.53
1490.072	712.17
1491.64	716.33
1493.208	724.64
1494.776	726.72
1496.343	716.33
1497.91	709.05
1499.477	706.97
1501.044	697.61
1502.61	695.53
1504.176	706.97
1505.742	713.21
1507.308	701.77
1508.874	706.97
1510.439	695.53
1512.004	726.72
1513.569	776.63
1515.134	898.27
1516.698	1071.89
1518.262	1277.74
1519.826	1487.75
1521.39	1664.5
1522.953	1801.73
1524.517	1904.66
1526.08	2010.7
1527.642	2120.91
1529.205	2246.71
1530.767	2389.14
1532.329	2546.13
1533.891	2694.8
1535.453	2755.1
1537.014	2770.7
1538.575	2722.87
1540.136	2655.29
1541.697	2546.13
1543.257	2442.16
1544.817	2336.12
1546.377	2227.99
1547.937	2080.36
1549.497	1894.26
1551.056	1689.45
1552.615	1489.83
1554.174	1302.69
1555.732	1158.18
1557.29	1069.81
1558.848	1072.93
1560.406	1128.03
1561.964	1242.39
1563.521	1398.34
1565.078	1557.41
1566.635	1710.24
1568.192	1839.16
1569.748	1932.73
1571.304	1997.19
1572.86	2013.82
1574.416	1997.19
1575.971	1951.44
1577.526	1859.95
1579.081	1755.99
1580.636	1631.23
1582.19	1500.23
1583.744	1367.15
1585.298	1229.92
1586.852	1096.84
1588.405	982.48
1589.958	890.99
1591.511	819.25
1593.064	768.31
1594.616	714.25
1596.169	685.14
1597.721	653.95
1599.272	641.47
1600.824	633.15
1602.375	668.5
1603.926	697.61
1605.477	745.44
1607.027	808.86
1608.577	870.2
1610.127	932.58
1611.677	990.8
1613.226	1063.57
1614.775	1109.32
1616.324	1146.75
1617.873	1172.74
1619.422	1181.05
1620.97	1162.34
1622.518	1138.43
1624.065	1105.16
1625.613	1073.97
1627.16	1034.46
1628.707	1003.27
1630.253	976.24
1631.8	947.13
1633.346	893.07
1634.892	859.8
1636.438	806.78
1637.983	753.75
1639.528	704.89
1641.073	648.75
1642.618	596.77
1644.162	572.85
1645.706	541.66
1647.25	511.51
1648.793	496.96
1650.337	487.6
1651.88	481.36
1653.423	473.05
1654.965	473.05
1656.507	466.81
1658.049	477.2
1659.591	484.48
1661.133	482.4
1662.674	498
1664.215	508.39
1665.756	513.59
1667.296	535.43
1668.836	542.7
1670.376	558.3
1671.916	573.89
1673.455	581.17
1674.994	606.12
1676.533	619.64
1678.072	635.23
1679.61	654.99
1681.148	674.74
1682.686	699.69
1684.224	699.69
1685.761	724.64
1687.298	749.6
1688.835	772.47
1690.371	793.26
1691.907	811.97
1693.443	830.69
1694.979	858.76
1696.514	874.35
1698.049	900.35
1699.584	923.22
1701.119	949.21
1702.653	966.88
1704.187	1005.35
1705.721	1026.14
1707.255	1046.94
1708.788	1079.17
1710.321	1102.04
