898.735	11726.33
900.365	11978.97
901.994	12232.65
903.623	12435.38
905.253	12664.1
906.882	12876.2
908.511	13084.13
910.14	13255.67
911.768	13472.96
913.397	13696.49
915.026	13961.6
916.654	14285.98
918.282	14739.27
919.911	15273.65
921.539	15903.69
923.167	16528.52
924.795	17168.95
926.422	17741.81
928.05	18234.61
929.678	18620.32
931.305	18929.1
932.932	19110
934.56	19232.68
936.187	19315.85
937.814	19365.76
939.44	19432.29
941.067	19482.2
942.694	19520.67
944.32	19560.17
945.947	19556.01
947.573	19518.59
949.199	19418.78
950.825	19274.27
952.451	19022.67
954.077	18721.17
955.703	18339.61
957.328	17958.06
958.954	17535.95
960.579	17189.75
962.204	16807.15
963.829	16485.9
965.454	16165.68
967.079	15917.2
968.704	15678.08
970.329	15505.5
971.953	15372.42
973.578	15344.35
975.202	15379.7
976.826	15507.58
978.45	15654.17
980.074	15751.9
981.698	15775.81
983.321	15670.8
984.945	15500.3
986.568	15248.7
988.191	14878.58
989.815	14485.59
991.438	14069.73
993.061	13753.67
994.683	13409.54
996.306	13114.28
997.929	12846.05
999.551	12614.2
1001.173	12488.4
1002.795	12463.45
1004.417	12576.77
1006.039	12867.88
1007.661	13331.57
1009.283	13903.38
1010.904	14493.91
1012.526	14920.17
1014.147	15084.43
1015.768	14938.88
1017.389	14489.75
1019.01	13801.49
1020.63	12964.57
1022.251	12114.12
1023.871	11354.13
1025.492	10730.34
1027.112	10309.27
1028.732	9967.23
1030.352	9679.24
1031.972	9407.89
1033.591	9218.67
1035.211	9012.82
1036.83	8767.46
1038.45	8473.23
1040.069	8117.67
1041.688	7731.96
1043.307	7307.77
1044.925	6864.88
1046.544	6425.1
1048.162	6021.71
1049.781	5683.82
1051.399	5400
1053.017	5155.68
1054.635	4939.43
1056.253	4735.65
1057.87	4546.44
1059.488	4365.53
1061.105	4199.19
1062.722	4048.44
1064.339	3896.65
1065.956	3758.37
1067.573	3631.53
1069.19	3510.93
1070.806	3402.81
1072.423	3297.8
1074.039	3208.39
1075.655	3115.86
1077.271	3025.41
1078.887	2931.84
1080.502	2849.71
1082.118	2779.01
1083.733	2700
1085.348	2620.98
1086.963	2546.13
1088.578	2466.07
1090.193	2404.73
1091.808	2329.88
1093.422	2261.26
1095.037	2197.84
1096.651	2137.54
1098.265	2072.04
1099.879	2011.74
1101.493	1945.2
1103.106	1881.79
1104.72	1822.52
1106.333	1771.58
1107.946	1707.12
1109.559	1664.5
1111.172	1605.24
1112.785	1561.57
1114.398	1507.51
1116.01	1458.64
1117.622	1417.06
1119.234	1369.23
1120.846	1325.57
1122.458	1276.7
1124.07	1236.16
1125.681	1194.57
1127.293	1161.3
1128.904	1123.87
1130.515	1075.01
1132.126	1043.82
1133.737	1004.31
1135.347	974.16
1136.958	938.81
1138.568	911.78
1140.178	881.63
1141.788	853.56
1143.398	819.25
1145.008	785.98
1146.617	757.91
1148.227	734
1149.836	701.77
1151.445	676.82
1153.054	653.95
1154.663	627.95
1156.271	598.84
1157.88	577.01
1159.488	560.38
1161.096	540.62
1162.704	525.03
1164.312	496.96
1165.92	493.84
1167.527	467.85
1169.134	450.17
1170.741	435.62
1172.348	427.3
1173.955	408.59
1175.562	392.99
1177.168	379.48
1178.775	360.76
1180.381	346.21
1181.987	337.89
1183.593	320.22
1185.199	308.78
1186.804	300.46
1188.409	289.03
1190.015	278.63
1191.62	271.35
1193.225	264.07
1194.829	264.07
1196.434	245.36
1198.038	242.24
1199.642	238.08
1201.246	231.84
1202.85	227.69
1204.454	229.76
1206.057	212.09
1207.661	211.05
1209.264	202.73
1210.867	204.81
1212.47	197.54
1214.073	190.26
1215.675	190.26
1217.277	187.14
1218.88	184.02
1220.482	172.58
1222.083	171.54
1223.685	167.39
1225.287	169.46
1226.888	159.07
1228.489	159.07
1230.09	158.03
1231.691	154.91
1233.292	151.79
1234.892	148.67
1236.492	146.59
1238.092	144.51
1239.692	145.55
1241.292	137.24
1242.892	142.43
1244.491	132.04
1246.09	135.16
1247.689	126.84
1249.288	136.2
1250.887	123.72
1252.485	131
1254.084	117.48
1255.682	123.72
1257.28	117.48
1258.878	115.4
1260.475	112.28
1262.073	115.4
1263.67	107.09
1265.267	111.24
1266.864	101.89
1268.461	109.16
1270.057	107.09
1271.654	100.85
1273.25	97.73
1274.846	100.85
1276.442	100.85
1278.037	95.65
1279.633	96.69
1281.228	90.45
1282.823	92.53
1284.418	86.29
1286.013	90.45
1287.608	94.61
1289.202	89.41
1290.796	81.09
1292.39	86.29
1293.984	85.25
1295.577	72.78
1297.171	81.09
1298.764	73.82
1300.357	80.05
1301.95	69.66
1303.543	77.97
1305.135	70.7
1306.728	75.9
1308.32	69.66
1309.912	68.62
1311.503	64.46
1313.095	62.38
1314.686	65.5
1316.277	63.42
1317.868	63.42
1319.459	64.46
1321.05	64.46
1322.64	62.38
1324.23	56.14
1325.82	61.34
1327.41	55.1
1329	55.1
1330.589	51.98
1332.179	56.14
1333.768	55.1
1335.357	48.86
1336.945	55.1
1338.534	53.02
1340.122	46.78
1341.71	50.94
1343.298	55.1
1344.886	50.94
1346.473	54.06
1348.06	48.86
1349.648	44.71
1351.234	49.9
1352.821	46.78
1354.408	46.78
1355.994	45.75
1357.58	44.71
1359.166	45.75
1360.752	47.82
1362.337	37.43
1363.923	46.78
1365.508	42.63
1367.093	44.71
1368.677	41.59
1370.262	42.63
1371.846	43.67
1373.43	43.67
1375.014	38.47
1376.598	45.75
1378.181	35.35
1379.765	42.63
1381.348	37.43
1382.931	45.75
1384.513	48.86
1386.096	43.67
1387.678	39.51
1389.26	41.59
1390.842	41.59
1392.424	42.63
1394.005	29.11
1395.586	35.35
1397.168	34.31
1398.748	41.59
1400.329	40.55
1401.909	37.43
1403.49	37.43
1405.07	30.15
1406.649	33.27
1408.229	33.27
1409.808	29.11
1411.388	33.27
1412.967	25.99
1414.545	33.27
1416.124	30.15
1417.702	34.31
1419.28	28.07
1420.858	36.39
1422.436	29.11
1424.013	36.39
1425.591	35.35
1427.168	36.39
1428.745	37.43
1430.321	36.39
1431.898	38.47
1433.474	39.51
1435.05	36.39
1436.626	43.67
1438.201	32.23
1439.777	46.78
1441.352	47.82
1442.927	53.02
1444.501	55.1
1446.076	57.18
1447.65	58.22
1449.224	65.5
1450.798	61.34
1452.372	71.74
1453.945	76.93
1455.518	86.29
1457.091	88.37
1458.664	100.85
1460.236	113.32
1461.809	119.56
1463.381	137.24
1464.953	162.19
1466.524	193.38
1468.096	230.8
1469.667	299.42
1471.238	374.28
1472.809	456.41
1474.379	543.74
1475.949	605.08
1477.519	660.18
1479.089	705.93
1480.659	721.52
1482.228	739.2
1483.798	745.44
1485.366	756.87
1486.935	776.63
1488.504	797.42
1490.072	816.13
1491.64	827.57
1493.208	845.24
1494.776	844.2
1496.343	837.97
1497.91	830.69
1499.477	826.53
1501.044	822.37
1502.61	817.17
1504.176	827.57
1505.742	843.16
1507.308	823.41
1508.874	825.49
1510.439	820.29
1512.004	846.28
1513.569	902.43
1515.134	1019.91
1516.698	1208.09
1518.262	1423.3
1519.826	1663.46
1521.39	1854.75
1522.953	2024.22
1524.517	2135.46
1526.08	2246.71
1527.642	2371.47
1529.205	2512.86
1530.767	2669.85
1532.329	2841.39
1533.891	3000.46
1535.453	3076.36
1537.014	3101.31
1538.575	3060.76
1540.136	2987.98
1541.697	2872.58
1543.257	2756.14
1544.817	2630.34
1546.377	2513.9
1547.937	2351.71
1549.497	2142.74
1551.056	1912.98
1552.615	1689.45
1554.174	1485.67
1555.732	1323.49
1557.29	1237.2
1558.848	1240.31
1560.406	1313.09
1561.964	1446.17
1563.521	1618.75
1565.078	1802.77
1566.635	1980.55
1568.192	2135.46
1569.748	2250.86
1571.304	2327.8
1572.86	2351.71
1574.416	2336.12
1575.971	2275.82
1577.526	2174.97
1579.081	2042.93
1580.636	1899.46
1582.19	1742.47
1583.744	1583.4
1585.298	1410.82
1586.852	1261.11
1588.405	1125.95
1589.958	1026.14
1591.511	930.5
1593.064	872.28
1594.616	809.9
1596.169	770.39
1597.721	727.76
1599.272	710.09
1600.824	708.01
1602.375	726.72
1603.926	749.6
1605.477	796.38
1607.027	854.6
1608.577	913.86
1610.127	976.24
1611.677	1032.38
1613.226	1087.48
1614.775	1131.15
1616.324	1160.26
1617.873	1184.17
1619.422	1183.13
1620.97	1165.46
1622.518	1139.47
1624.065	1102.04
1625.613	1065.65
1627.16	1030.3
1628.707	1002.23
1630.253	964.8
1631.8	937.77
1633.346	889.95
1634.892	847.32
1636.438	789.1
1637.983	734
1639.528	692.41
1641.073	635.23
1642.618	590.53
1644.162	564.54
1645.706	535.43
1647.25	502.16
1648.793	486.56
1650.337	470.97
1651.88	470.97
1653.423	454.33
1654.965	447.05
1656.507	454.33
1658.049	456.41
1659.591	455.37
1661.133	455.37
1662.674	465.77
1664.215	479.28
1665.756	482.4
1667.296	500.08
1668.836	504.24
1670.376	516.71
1671.916	532.31
1673.455	538.54
1674.994	558.3
1676.533	571.81
1678.072	588.45
1679.61	600.92
1681.148	620.68
1682.686	641.47
1684.224	646.67
1685.761	659.14
1687.298	682.02
1688.835	699.69
1690.371	714.25
1691.907	732.96
1693.443	751.67
1694.979	771.43
1696.514	796.38
1698.049	808.86
1699.584	832.77
1701.119	848.36
1702.653	870.2
1704.187	895.15
1705.721	915.94
1707.255	932.58
1708.788	962.73
1710.321	988.72
