898.735	12726.48
900.365	12996.8
901.994	13265.03
903.623	13479.2
905.253	13726.64
906.882	13936.65
908.511	14160.18
910.14	14355.63
911.768	14563.56
913.397	14813.08
915.026	15087.55
916.654	15437.92
918.282	15912
919.911	16496.29
921.539	17162.72
923.167	17838.49
924.795	18526.75
926.422	19120.4
928.05	19656.86
929.678	20083.12
931.305	20387.74
932.932	20592.56
934.56	20717.31
936.187	20804.65
937.814	20875.34
939.44	20941.88
941.067	21009.46
942.694	21081.2
944.32	21142.54
945.947	21174.77
947.573	21149.81
949.199	21064.56
950.825	20908.61
952.451	20646.62
954.077	20296.25
955.703	19867.91
957.328	19441.65
958.954	18970.69
960.579	18587.05
962.204	18180.54
963.829	17841.61
965.454	17490.21
967.079	17246.93
968.704	17016.12
970.329	16843.54
971.953	16730.22
973.578	16752.05
975.202	16869.53
976.826	17123.21
978.45	17400.8
980.074	17610.81
981.698	17712.7
983.321	17652.4
984.945	17477.73
986.568	17175.19
988.191	16718.78
989.815	16231.18
991.438	15732.14
993.061	15344.35
994.683	14952.4
996.306	14602.03
997.929	14297.41
999.551	14065.57
1001.173	13965.76
1002.795	14000.07
1004.417	14231.91
1006.039	14724.71
1007.661	15468.07
1009.283	16362.18
1010.904	17288.51
1012.526	17972.61
1014.147	18261.64
1015.768	18115.04
1017.389	17538.03
1019.01	16603.38
1020.63	15455.59
1022.251	14310.93
1023.871	13304.54
1025.492	12515.43
1027.112	11992.48
1028.732	11583.9
1030.352	11241.85
1031.972	10941.39
1033.591	10728.26
1035.211	10495.37
1036.83	10198.03
1038.45	9848.7
1040.069	9412.05
1041.688	8921.33
1043.307	8370.31
1044.925	7790.18
1046.544	7224.6
1048.162	6718.29
1049.781	6297.22
1051.399	5949.98
1053.017	5656.79
1054.635	5401.04
1056.253	5159.84
1057.87	4934.23
1059.488	4721.1
1061.105	4524.6
1062.722	4343.7
1064.339	4173.2
1065.956	4006.85
1067.573	3865.46
1069.19	3729.26
1070.806	3600.34
1072.423	3492.22
1074.039	3397.61
1075.655	3293.64
1077.271	3196.96
1078.887	3099.23
1080.502	3011.9
1082.118	2932.88
1083.733	2849.71
1085.348	2763.42
1086.963	2687.52
1088.578	2604.35
1090.193	2531.57
1091.808	2464
1093.422	2391.22
1095.037	2318.44
1096.651	2250.86
1098.265	2182.25
1099.879	2110.51
1101.493	2046.05
1103.106	1982.63
1104.72	1919.21
1106.333	1863.07
1107.946	1798.61
1109.559	1750.79
1111.172	1684.25
1112.785	1636.43
1114.398	1585.48
1116.01	1534.54
1117.622	1489.83
1119.234	1440.97
1120.846	1388.99
1122.458	1345.32
1124.07	1296.46
1125.681	1261.11
1127.293	1215.36
1128.904	1175.86
1130.515	1132.19
1132.126	1097.88
1133.737	1061.49
1135.347	1018.87
1136.958	984.56
1138.568	957.53
1140.178	924.26
1141.788	895.15
1143.398	858.76
1145.008	829.65
1146.617	801.58
1148.227	769.35
1149.836	742.32
1151.445	718.41
1153.054	687.22
1154.663	662.26
1156.271	631.07
1157.88	608.2
1159.488	598.84
1161.096	572.85
1162.704	545.82
1164.312	529.19
1165.92	517.75
1167.527	495.92
1169.134	481.36
1170.741	465.77
1172.348	454.33
1173.955	428.34
1175.562	416.9
1177.168	399.23
1178.775	383.63
1180.381	365.96
1181.987	358.68
1183.593	338.93
1185.199	337.89
1186.804	311.9
1188.409	309.82
1190.015	298.38
1191.62	294.22
1193.225	283.83
1194.829	276.55
1196.434	267.19
1198.038	254.72
1199.642	257.84
1201.246	247.44
1202.85	242.24
1204.454	241.2
1206.057	226.65
1207.661	223.53
1209.264	218.33
1210.867	215.21
1212.47	208.97
1214.073	202.73
1215.675	205.85
1217.277	199.61
1218.88	192.34
1220.482	181.94
1222.083	181.94
1223.685	181.94
1225.287	179.86
1226.888	179.86
1228.489	161.15
1230.09	170.5
1231.691	165.31
1233.292	164.27
1234.892	156.99
1236.492	152.83
1238.092	159.07
1239.692	150.75
1241.292	148.67
1242.892	150.75
1244.491	146.59
1246.09	144.51
1247.689	140.35
1249.288	142.43
1250.887	134.12
1252.485	128.92
1254.084	124.76
1255.682	134.12
1257.28	123.72
1258.878	123.72
1260.475	123.72
1262.073	117.48
1263.67	117.48
1265.267	117.48
1266.864	113.32
1268.461	117.48
1270.057	110.2
1271.654	107.09
1273.25	98.77
1274.846	108.12
1276.442	103.97
1278.037	106.05
1279.633	100.85
1281.228	100.85
1282.823	92.53
1284.418	96.69
1286.013	96.69
1287.608	98.77
1289.202	96.69
1290.796	92.53
1292.39	91.49
1293.984	91.49
1295.577	84.21
1297.171	85.25
1298.764	82.13
1300.357	80.05
1301.95	84.21
1303.543	80.05
1305.135	75.9
1306.728	79.01
1308.32	72.78
1309.912	75.9
1311.503	68.62
1313.095	71.74
1314.686	69.66
1316.277	73.82
1317.868	63.42
1319.459	69.66
1321.05	62.38
1322.64	68.62
1324.23	62.38
1325.82	67.58
1327.41	57.18
1329	63.42
1330.589	59.26
1332.179	61.34
1333.768	66.54
1335.357	55.1
1336.945	59.26
1338.534	58.22
1340.122	56.14
1341.71	57.18
1343.298	57.18
1344.886	57.18
1346.473	57.18
1348.06	55.1
1349.648	53.02
1351.234	55.1
1352.821	46.78
1354.408	54.06
1355.994	46.78
1357.58	56.14
1359.166	54.06
1360.752	49.9
1362.337	43.67
1363.923	48.86
1365.508	50.94
1367.093	50.94
1368.677	47.82
1370.262	47.82
1371.846	44.71
1373.43	44.71
1375.014	38.47
1376.598	56.14
1378.181	43.67
1379.765	42.63
1381.348	45.75
1382.931	51.98
1384.513	48.86
1386.096	43.67
1387.678	42.63
1389.26	47.82
1390.842	43.67
1392.424	45.75
1394.005	40.55
1395.586	40.55
1397.168	43.67
1398.748	41.59
1400.329	43.67
1401.909	43.67
1403.49	43.67
1405.07	34.31
1406.649	46.78
1408.229	43.67
1409.808	34.31
1411.388	37.43
1412.967	38.47
1414.545	37.43
1416.124	34.31
1417.702	43.67
1419.28	41.59
1420.858	42.63
1422.436	36.39
1424.013	40.55
1425.591	41.59
1427.168	38.47
1428.745	41.59
1430.321	45.75
1431.898	45.75
1433.474	43.67
1435.05	46.78
1436.626	45.75
1438.201	40.55
1439.777	57.18
1441.352	48.86
1442.927	58.22
1444.501	56.14
1446.076	59.26
1447.65	64.46
1449.224	69.66
1450.798	61.34
1452.372	68.62
1453.945	83.17
1455.518	85.25
1457.091	90.45
1458.664	99.81
1460.236	113.32
1461.809	123.72
1463.381	137.24
1464.953	161.15
1466.524	185.06
1468.096	230.8
1469.667	292.14
1471.238	365.96
1472.809	449.13
1474.379	529.19
1475.949	586.37
1477.519	639.39
1479.089	678.9
1480.659	692.41
1482.228	708.01
1483.798	720.48
1485.366	728.8
1486.935	741.28
1488.504	764.15
1490.072	782.86
1491.64	790.14
1493.208	802.62
1494.776	801.58
1496.343	802.62
1497.91	793.26
1499.477	788.06
1501.044	779.75
1502.61	777.67
1504.176	788.06
1505.742	794.3
1507.308	780.79
1508.874	781.82
1510.439	771.43
1512.004	805.74
1513.569	855.64
1515.134	977.28
1516.698	1160.26
1518.262	1380.67
1519.826	1606.28
1521.39	1793.41
1522.953	1949.36
1524.517	2057.49
1526.08	2168.73
1527.642	2292.45
1529.205	2427.61
1530.767	2579.4
1532.329	2743.66
1533.891	2899.61
1535.453	2972.39
1537.014	2998.38
1538.575	2956.79
1540.136	2876.74
1541.697	2766.54
1543.257	2660.49
1544.817	2539.89
1546.377	2420.33
1547.937	2264.38
1549.497	2062.69
1551.056	1849.56
1552.615	1624.99
1554.174	1425.37
1555.732	1278.78
1557.29	1187.29
1558.848	1186.25
1560.406	1255.91
1561.964	1381.71
1563.521	1550.13
1565.078	1717.52
1566.635	1896.34
1568.192	2040.85
1569.748	2140.66
1571.304	2213.44
1572.86	2235.27
1574.416	2224.87
1575.971	2168.73
1577.526	2071
1579.081	1951.44
1580.636	1815.25
1582.19	1660.34
1583.744	1515.83
1585.298	1354.68
1586.852	1209.13
1588.405	1080.21
1589.958	984.56
1591.511	905.54
1593.064	842.13
1594.616	783.9
1596.169	749.6
1597.721	705.93
1599.272	695.53
1600.824	687.22
1602.375	710.09
1603.926	739.2
1605.477	789.1
1607.027	851.48
1608.577	907.62
1610.127	978.32
1611.677	1030.3
1613.226	1090.6
1614.775	1136.35
1616.324	1173.78
1617.873	1194.57
1619.422	1198.73
1620.97	1184.17
1622.518	1156.1
1624.065	1117.64
1625.613	1081.25
1627.16	1045.9
1628.707	1017.83
1630.253	984.56
1631.8	953.37
1633.346	914.9
1634.892	867.08
1636.438	810.94
1637.983	757.91
1639.528	710.09
1641.073	657.07
1642.618	609.24
1644.162	590.53
1645.706	546.86
1647.25	526.07
1648.793	509.43
1650.337	493.84
1651.88	491.76
1653.423	477.2
1654.965	483.44
1656.507	475.12
1658.049	484.48
1659.591	483.44
1661.133	484.48
1662.674	495.92
1664.215	510.47
1665.756	517.75
1667.296	533.35
1668.836	541.66
1670.376	557.26
1671.916	571.81
1673.455	581.17
1674.994	601.96
1676.533	612.36
1678.072	628.99
1679.61	648.75
1681.148	662.26
1682.686	689.29
1684.224	692.41
1685.761	712.17
1687.298	730.88
1688.835	757.91
1690.371	774.55
1691.907	793.26
1693.443	816.13
1694.979	840.05
1696.514	855.64
1698.049	876.43
1699.584	900.35
1701.119	922.18
1702.653	936.73
1704.187	967.92
1705.721	997.03
1707.255	1009.51
1708.788	1044.86
1710.321	1068.77
