898.735	7531.3
900.365	7690.37
901.994	7842.16
903.623	7974.2
905.253	8118.71
906.882	8237.23
908.511	8375.51
910.14	8480.51
911.768	8597.99
913.397	8718.59
915.026	8882.86
916.654	9067.92
918.282	9344.47
919.911	9661.57
921.539	10032.72
923.167	10415.32
924.795	10809.35
926.422	11159.72
928.05	11473.69
929.678	11732.57
931.305	11918.67
932.932	12037.19
934.56	12106.85
936.187	12162.99
937.814	12207.69
939.44	12227.45
941.067	12265.91
942.694	12304.38
944.32	12348.05
945.947	12373
947.573	12369.88
949.199	12331.41
950.825	12249.28
952.451	12106.85
954.077	11903.07
955.703	11657.71
957.328	11404.04
958.954	11110.85
960.579	10864.45
962.204	10622.21
963.829	10413.24
965.454	10204.27
967.079	10050.4
968.704	9911.08
970.329	9810.24
971.953	9742.66
973.578	9755.13
975.202	9818.55
976.826	9979.7
978.45	10186.59
980.074	10347.74
981.698	10439.23
983.321	10442.35
984.945	10359.18
986.568	10210.51
988.191	9937.08
989.815	9628.3
991.438	9319.52
993.061	9068.96
994.683	8825.68
996.306	8614.63
997.929	8422.29
999.551	8270.5
1001.173	8207.08
1002.795	8226.83
1004.417	8369.27
1006.039	8661.41
1007.661	9133.42
1009.283	9721.87
1010.904	10363.34
1012.526	10879.01
1014.147	11156.6
1015.768	11139.96
1017.389	10839.5
1019.01	10276
1020.63	9566.96
1022.251	8804.88
1023.871	8110.39
1025.492	7583.28
1027.112	7233.96
1028.732	6971.96
1030.352	6760.91
1031.972	6575.85
1033.591	6447.97
1035.211	6306.58
1036.83	6150.63
1038.45	5937.5
1040.069	5670.31
1041.688	5374.01
1043.307	5038.19
1044.925	4670.15
1046.544	4308.35
1048.162	3978.78
1049.781	3700.15
1051.399	3474.55
1053.017	3294.68
1054.635	3137.7
1056.253	2995.26
1057.87	2858.03
1059.488	2724.95
1061.105	2599.15
1062.722	2487.91
1064.339	2384.98
1065.956	2288.29
1067.573	2203.04
1069.19	2119.87
1070.806	2045.01
1072.423	1982.63
1074.039	1928.57
1075.655	1866.19
1077.271	1810.05
1078.887	1755.99
1080.502	1706.08
1082.118	1659.3
1083.733	1610.43
1085.348	1561.57
1086.963	1512.71
1088.578	1464.88
1090.193	1428.49
1091.808	1387.95
1093.422	1348.44
1095.037	1313.09
1096.651	1263.19
1098.265	1229.92
1099.879	1190.41
1101.493	1150.9
1103.106	1123.87
1104.72	1082.29
1106.333	1042.78
1107.946	1011.59
1109.559	980.4
1111.172	947.13
1112.785	915.94
1114.398	890.99
1116.01	863.96
1117.622	834.85
1119.234	807.82
1120.846	779.75
1122.458	754.79
1124.07	730.88
1125.681	703.85
1127.293	683.06
1128.904	656.03
1130.515	640.43
1132.126	615.48
1133.737	592.61
1135.347	571.81
1136.958	552.06
1138.568	537.5
1140.178	522.95
1141.788	503.2
1143.398	483.44
1145.008	473.05
1146.617	448.09
1148.227	427.3
1149.836	424.18
1151.445	397.15
1153.054	385.71
1154.663	372.2
1156.271	352.44
1157.88	348.29
1159.488	334.77
1161.096	319.18
1162.704	315.02
1164.312	299.42
1165.92	290.07
1167.527	273.43
1169.134	272.39
1170.741	254.72
1172.348	251.6
1173.955	236
1175.562	242.24
1177.168	228.73
1178.775	219.37
1180.381	207.93
1181.987	194.42
1183.593	192.34
1185.199	192.34
1186.804	181.94
1188.409	171.54
1190.015	169.46
1191.62	162.19
1193.225	161.15
1194.829	158.03
1196.434	143.47
1198.038	149.71
1199.642	140.35
1201.246	138.27
1202.85	139.31
1204.454	136.2
1206.057	127.88
1207.661	127.88
1209.264	122.68
1210.867	121.64
1212.47	114.36
1214.073	118.52
1215.675	109.16
1217.277	110.2
1218.88	112.28
1220.482	107.09
1222.083	103.97
1223.685	102.93
1225.287	93.57
1226.888	95.65
1228.489	102.93
1230.09	95.65
1231.691	86.29
1233.292	90.45
1234.892	90.45
1236.492	90.45
1238.092	82.13
1239.692	80.05
1241.292	82.13
1242.892	84.21
1244.491	76.93
1246.09	79.01
1247.689	81.09
1249.288	79.01
1250.887	80.05
1252.485	72.78
1254.084	68.62
1255.682	77.97
1257.28	67.58
1258.878	67.58
1260.475	67.58
1262.073	64.46
1263.67	72.78
1265.267	74.86
1266.864	59.26
1268.461	67.58
1270.057	63.42
1271.654	62.38
1273.25	58.22
1274.846	62.38
1276.442	49.9
1278.037	60.3
1279.633	61.34
1281.228	59.26
1282.823	58.22
1284.418	49.9
1286.013	51.98
1287.608	48.86
1289.202	53.02
1290.796	56.14
1292.39	40.55
1293.984	44.71
1295.577	47.82
1297.171	46.78
1298.764	41.59
1300.357	39.51
1301.95	40.55
1303.543	43.67
1305.135	40.55
1306.728	41.59
1308.32	39.51
1309.912	43.67
1311.503	38.47
1313.095	40.55
1314.686	41.59
1316.277	41.59
1317.868	37.43
1319.459	38.47
1321.05	36.39
1322.64	39.51
1324.23	31.19
1325.82	35.35
1327.41	27.03
1329	34.31
1330.589	30.15
1332.179	34.31
1333.768	34.31
1335.357	35.35
1336.945	29.11
1338.534	30.15
1340.122	30.15
1341.71	27.03
1343.298	23.91
1344.886	21.83
1346.473	30.15
1348.06	30.15
1349.648	25.99
1351.234	35.35
1352.821	21.83
1354.408	25.99
1355.994	27.03
1357.58	32.23
1359.166	29.11
1360.752	27.03
1362.337	27.03
1363.923	22.87
1365.508	22.87
1367.093	25.99
1368.677	20.79
1370.262	30.15
1371.846	24.95
1373.43	21.83
1375.014	32.23
1376.598	33.27
1378.181	29.11
1379.765	31.19
1381.348	16.63
1382.931	23.91
1384.513	17.67
1386.096	25.99
1387.678	24.95
1389.26	31.19
1390.842	25.99
1392.424	22.87
1394.005	20.79
1395.586	23.91
1397.168	18.71
1398.748	19.75
1400.329	27.03
1401.909	21.83
1403.49	19.75
1405.07	11.44
1406.649	19.75
1408.229	20.79
1409.808	19.75
1411.388	20.79
1412.967	21.83
1414.545	25.99
1416.124	16.63
1417.702	19.75
1419.28	27.03
1420.858	20.79
1422.436	14.56
1424.013	30.15
1425.591	21.83
1427.168	19.75
1428.745	20.79
1430.321	27.03
1431.898	24.95
1433.474	27.03
1435.05	22.87
1436.626	20.79
1438.201	17.67
1439.777	30.15
1441.352	15.59
1442.927	24.95
1444.501	28.07
1446.076	33.27
1447.65	30.15
1449.224	27.03
1450.798	31.19
1452.372	44.71
1453.945	31.19
1455.518	36.39
1457.091	37.43
1458.664	43.67
1460.236	48.86
1461.809	56.14
1463.381	50.94
1464.953	55.1
1466.524	62.38
1468.096	83.17
1469.667	96.69
1471.238	127.88
1472.809	144.51
1474.379	179.86
1475.949	201.69
1477.519	217.29
1479.089	225.61
1480.659	238.08
1482.228	243.28
1483.798	244.32
1485.366	233.92
1486.935	255.76
1488.504	257.84
1490.072	268.23
1491.64	271.35
1493.208	277.59
1494.776	273.43
1496.343	271.35
1497.91	270.31
1499.477	276.55
1501.044	280.71
1502.61	278.63
1504.176	291.1
1505.742	305.66
1507.308	298.38
1508.874	297.34
1510.439	296.3
1512.004	296.3
1513.569	315.02
1515.134	343.09
1516.698	400.27
1518.262	460.57
1519.826	535.43
1521.39	612.36
1522.953	662.26
1524.517	705.93
1526.08	743.36
1527.642	782.86
1529.205	822.37
1530.767	884.75
1532.329	937.77
1533.891	992.88
1535.453	1031.34
1537.014	1051.1
1538.575	1032.38
1540.136	1013.67
1541.697	972.08
1543.257	936.73
1544.817	892.03
1546.377	855.64
1547.937	803.66
1549.497	739.2
1551.056	661.22
1552.615	593.65
1554.174	518.79
1555.732	460.57
1557.29	427.3
1558.848	413.78
1560.406	435.62
1561.964	475.12
1563.521	529.19
1565.078	587.41
1566.635	640.43
1568.192	694.49
1569.748	742.32
1571.304	772.47
1572.86	781.82
1574.416	787.02
1575.971	761.03
1577.526	734
1579.081	693.45
1580.636	651.87
1582.19	603
1583.744	543.74
1585.298	485.52
1586.852	432.5
1588.405	394.03
1589.958	356.6
1591.511	324.37
1593.064	310.86
1594.616	287.99
1596.169	276.55
1597.721	256.8
1599.272	264.07
1600.824	255.76
1602.375	275.51
1603.926	285.91
1605.477	308.78
1607.027	324.37
1608.577	357.64
1610.127	369.08
1611.677	401.31
1613.226	418.98
1614.775	447.05
1616.324	460.57
1617.873	466.81
1619.422	470.97
1620.97	475.12
1622.518	460.57
1624.065	450.17
1625.613	438.74
1627.16	430.42
1628.707	416.9
1630.253	412.75
1631.8	397.15
1633.346	384.67
1634.892	373.24
1636.438	355.56
1637.983	339.97
1639.528	326.45
1641.073	301.5
1642.618	296.3
1644.162	279.67
1645.706	272.39
1647.25	268.23
1648.793	256.8
1650.337	260.95
1651.88	264.07
1653.423	256.8
1654.965	267.19
1656.507	256.8
1658.049	270.31
1659.591	276.55
1661.133	280.71
1662.674	280.71
1664.215	295.26
1665.756	301.5
1667.296	304.62
1668.836	315.02
1670.376	337.89
1671.916	329.57
1673.455	347.25
1674.994	343.09
1676.533	361.8
1678.072	367
1679.61	383.63
1681.148	394.03
1682.686	402.35
1684.224	410.67
1685.761	423.14
1687.298	433.54
1688.835	448.09
1690.371	457.45
1691.907	469.93
1693.443	484.48
1694.979	495.92
1696.514	508.39
1698.049	520.87
1699.584	530.23
1701.119	544.78
1702.653	564.54
1704.187	577.01
1705.721	587.41
1707.255	597.8
1708.788	614.44
1710.321	636.27
