898.735	6645.51
900.365	6793.14
901.994	6935.58
903.623	7043.7
905.253	7186.13
906.882	7295.3
908.511	7419.02
910.14	7513.63
911.768	7625.91
913.397	7743.39
915.026	7889.98
916.654	8063.61
918.282	8297.53
919.911	8586.56
921.539	8929.64
923.167	9280.01
924.795	9642.85
926.422	9950.59
928.05	10225.06
929.678	10470.42
931.305	10640.93
932.932	10750.09
934.56	10807.27
936.187	10860.29
937.814	10901.88
939.44	10919.55
941.067	10934.11
942.694	10961.14
944.32	10973.62
945.947	10981.93
947.573	10958.02
949.199	10910.2
950.825	10835.34
952.451	10692.91
954.077	10520.32
955.703	10322.79
957.328	10095.1
958.954	9859.1
960.579	9656.37
962.204	9433.88
963.829	9247.78
965.454	9051.28
967.079	8913.01
968.704	8772.66
970.329	8665.57
971.953	8580.32
973.578	8544.97
975.202	8542.89
976.826	8592.79
978.45	8677.01
980.074	8735.23
981.698	8742.51
983.321	8714.43
984.945	8610.47
986.568	8488.83
988.191	8284.01
989.815	8071.92
991.438	7834.88
993.061	7653.98
994.683	7465.8
996.306	7295.3
997.929	7128.95
999.551	7001.07
1001.173	6914.78
1002.795	6886.71
1004.417	6930.38
1006.039	7052.02
1007.661	7291.14
1009.283	7589.52
1010.904	7926.37
1012.526	8179.01
1014.147	8304.81
1015.768	8252.83
1017.389	8038.66
1019.01	7696.61
1020.63	7235
1022.251	6756.75
1023.871	6315.94
1025.492	5958.29
1027.112	5705.66
1028.732	5506.04
1030.352	5341.78
1031.972	5197.26
1033.591	5088.1
1035.211	4965.42
1036.83	4838.58
1038.45	4678.47
1040.069	4487.17
1041.688	4279.24
1043.307	4050.52
1044.925	3798.92
1046.544	3566.04
1048.162	3326.91
1049.781	3136.66
1051.399	2978.63
1053.017	2831
1054.635	2719.75
1056.253	2608.51
1057.87	2501.42
1059.488	2405.77
1061.105	2310.13
1062.722	2219.68
1064.339	2143.78
1065.956	2063.73
1067.573	1995.11
1069.19	1927.53
1070.806	1866.19
1072.423	1812.13
1074.039	1761.18
1075.655	1708.16
1077.271	1660.34
1078.887	1609.39
1080.502	1565.73
1082.118	1521.02
1083.733	1478.4
1085.348	1429.53
1086.963	1394.18
1088.578	1344.28
1090.193	1312.05
1091.808	1271.5
1093.422	1242.39
1095.037	1196.65
1096.651	1164.42
1098.265	1132.19
1099.879	1097.88
1101.493	1059.41
1103.106	1031.34
1104.72	992.88
1106.333	959.61
1107.946	938.81
1109.559	901.39
1111.172	870.2
1112.785	847.32
1114.398	825.49
1116.01	801.58
1117.622	777.67
1119.234	744.4
1120.846	730.88
1122.458	691.37
1124.07	674.74
1125.681	651.87
1127.293	626.92
1128.904	610.28
1130.515	590.53
1132.126	567.65
1133.737	544.78
1135.347	529.19
1136.958	508.39
1138.568	492.8
1140.178	480.32
1141.788	455.37
1143.398	441.86
1145.008	434.58
1146.617	414.82
1148.227	389.87
1149.836	390.91
1151.445	360.76
1153.054	356.6
1154.663	341.01
1156.271	323.33
1157.88	309.82
1159.488	304.62
1161.096	290.07
1162.704	284.87
1164.312	272.39
1165.92	266.15
1167.527	253.68
1169.134	245.36
1170.741	233.92
1172.348	229.76
1173.955	213.13
1175.562	217.29
1177.168	201.69
1178.775	194.42
1180.381	186.1
1181.987	178.82
1183.593	168.43
1185.199	165.31
1186.804	156.99
1188.409	156.99
1190.015	148.67
1191.62	145.55
1193.225	140.35
1194.829	136.2
1196.434	127.88
1198.038	131
1199.642	132.04
1201.246	125.8
1202.85	122.68
1204.454	123.72
1206.057	113.32
1207.661	112.28
1209.264	112.28
1210.867	109.16
1212.47	103.97
1214.073	103.97
1215.675	98.77
1217.277	95.65
1218.88	95.65
1220.482	96.69
1222.083	88.37
1223.685	89.41
1225.287	85.25
1226.888	87.33
1228.489	88.37
1230.09	82.13
1231.691	82.13
1233.292	77.97
1234.892	79.01
1236.492	77.97
1238.092	68.62
1239.692	66.54
1241.292	69.66
1242.892	71.74
1244.491	68.62
1246.09	74.86
1247.689	67.58
1249.288	65.5
1250.887	69.66
1252.485	63.42
1254.084	56.14
1255.682	61.34
1257.28	58.22
1258.878	57.18
1260.475	63.42
1262.073	58.22
1263.67	63.42
1265.267	62.38
1266.864	44.71
1268.461	56.14
1270.057	54.06
1271.654	51.98
1273.25	46.78
1274.846	46.78
1276.442	45.75
1278.037	50.94
1279.633	40.55
1281.228	48.86
1282.823	50.94
1284.418	42.63
1286.013	42.63
1287.608	41.59
1289.202	45.75
1290.796	44.71
1292.39	36.39
1293.984	38.47
1295.577	40.55
1297.171	29.11
1298.764	30.15
1300.357	31.19
1301.95	40.55
1303.543	35.35
1305.135	30.15
1306.728	34.31
1308.32	30.15
1309.912	38.47
1311.503	32.23
1313.095	32.23
1314.686	30.15
1316.277	30.15
1317.868	29.11
1319.459	30.15
1321.05	27.03
1322.64	28.07
1324.23	20.79
1325.82	27.03
1327.41	19.75
1329	25.99
1330.589	25.99
1332.179	29.11
1333.768	22.87
1335.357	28.07
1336.945	21.83
1338.534	25.99
1340.122	22.87
1341.71	20.79
1343.298	20.79
1344.886	19.75
1346.473	21.83
1348.06	23.91
1349.648	18.71
1351.234	31.19
1352.821	16.63
1354.408	20.79
1355.994	16.63
1357.58	19.75
1359.166	23.91
1360.752	19.75
1362.337	13.52
1363.923	20.79
1365.508	16.63
1367.093	17.67
1368.677	19.75
1370.262	25.99
1371.846	13.52
1373.43	16.63
1375.014	27.03
1376.598	25.99
1378.181	15.59
1379.765	18.71
1381.348	11.44
1382.931	15.59
1384.513	17.67
1386.096	16.63
1387.678	17.67
1389.26	23.91
1390.842	18.71
1392.424	21.83
1394.005	13.52
1395.586	20.79
1397.168	12.48
1398.748	17.67
1400.329	22.87
1401.909	17.67
1403.49	12.48
1405.07	9.36
1406.649	12.48
1408.229	14.56
1409.808	12.48
1411.388	15.59
1412.967	17.67
1414.545	13.52
1416.124	7.28
1417.702	16.63
1419.28	18.71
1420.858	10.4
1422.436	13.52
1424.013	21.83
1425.591	9.36
1427.168	19.75
1428.745	16.63
1430.321	22.87
1431.898	15.59
1433.474	15.59
1435.05	14.56
1436.626	18.71
1438.201	21.83
1439.777	21.83
1441.352	12.48
1442.927	21.83
1444.501	20.79
1446.076	31.19
1447.65	29.11
1449.224	31.19
1450.798	28.07
1452.372	37.43
1453.945	28.07
1455.518	30.15
1457.091	29.11
1458.664	35.35
1460.236	44.71
1461.809	51.98
1463.381	51.98
1464.953	57.18
1466.524	63.42
1468.096	85.25
1469.667	96.69
1471.238	120.6
1472.809	151.79
1474.379	184.02
1475.949	203.77
1477.519	225.61
1479.089	242.24
1480.659	246.4
1482.228	253.68
1483.798	258.88
1485.366	252.64
1486.935	270.31
1488.504	281.75
1490.072	286.95
1491.64	292.14
1493.208	300.46
1494.776	295.26
1496.343	292.14
1497.91	290.07
1499.477	291.1
1501.044	297.34
1502.61	300.46
1504.176	313.98
1505.742	328.53
1507.308	325.41
1508.874	327.49
1510.439	333.73
1512.004	339.97
1513.569	342.05
1515.134	375.32
1516.698	425.22
1518.262	493.84
1519.826	563.5
1521.39	651.87
1522.953	705.93
1524.517	753.75
1526.08	788.06
1527.642	831.73
1529.205	881.63
1530.767	937.77
1532.329	1000.15
1533.891	1063.57
1535.453	1099.96
1537.014	1109.32
1538.575	1099.96
1540.136	1078.13
1541.697	1032.38
1543.257	1003.27
1544.817	952.33
1546.377	913.86
1547.937	856.68
1549.497	782.86
1551.056	705.93
1552.615	626.92
1554.174	546.86
1555.732	493.84
1557.29	450.17
1558.848	438.74
1560.406	458.49
1561.964	511.51
1563.521	565.58
1565.078	635.23
1566.635	690.33
1568.192	754.79
1569.748	802.62
1571.304	841.09
1572.86	846.28
1574.416	849.4
1575.971	826.53
1577.526	792.22
1579.081	759.99
1580.636	695.53
1582.19	647.71
1583.744	587.41
1585.298	516.71
1586.852	467.85
1588.405	423.14
1589.958	376.36
1591.511	339.97
1593.064	321.26
1594.616	297.34
1596.169	286.95
1597.721	268.23
1599.272	266.15
1600.824	261.99
1602.375	273.43
1603.926	289.03
1605.477	312.94
1607.027	328.53
1608.577	357.64
1610.127	381.56
1611.677	404.43
1613.226	418.98
1614.775	440.82
1616.324	454.33
1617.873	460.57
1619.422	459.53
1620.97	466.81
1622.518	454.33
1624.065	441.86
1625.613	432.5
1627.16	420.02
1628.707	406.51
1630.253	396.11
1631.8	380.52
1633.346	372.2
1634.892	356.6
1636.438	347.25
1637.983	329.57
1639.528	305.66
1641.073	282.79
1642.618	281.75
1644.162	259.92
1645.706	255.76
1647.25	249.52
1648.793	241.2
1650.337	240.16
1651.88	244.32
1653.423	238.08
1654.965	244.32
1656.507	236
1658.049	247.44
1659.591	249.52
1661.133	252.64
1662.674	254.72
1664.215	266.15
1665.756	266.15
1667.296	283.83
1668.836	287.99
1670.376	306.7
1671.916	295.26
1673.455	311.9
1674.994	306.7
1676.533	324.37
1678.072	330.61
1679.61	343.09
1681.148	352.44
1682.686	356.6
1684.224	360.76
1685.761	372.2
1687.298	383.63
1688.835	396.11
1690.371	403.39
1691.907	422.1
1693.443	428.34
1694.979	442.9
1696.514	446.01
1698.049	454.33
1699.584	464.73
1701.119	477.2
1702.653	496.96
1704.187	512.55
1705.721	522.95
1707.255	531.27
1708.788	541.66
1710.321	555.18
