898.735	7365.99
900.365	7579.13
901.994	7801.61
903.623	7989.79
905.253	8197.72
906.882	8373.43
908.511	8551.21
910.14	8708.2
911.768	8875.58
913.397	9083.51
915.026	9306
916.654	9574.23
918.282	9954.75
919.911	10383.09
921.539	10894.6
923.167	11394.68
924.795	11902.03
926.422	12377.16
928.05	12828.37
929.678	13202.65
931.305	13505.19
932.932	13730.8
934.56	13891.94
936.187	14047.89
937.814	14187.21
939.44	14329.64
941.067	14460.64
942.694	14612.43
944.32	14772.54
945.947	14964.87
947.573	15106.27
949.199	15175.92
950.825	15202.96
952.451	15157.21
954.077	15034.53
955.703	14841.15
957.328	14643.62
958.954	14386.82
960.579	14178.89
962.204	13975.12
963.829	13835.8
965.454	13716.24
967.079	13600.84
968.704	13496.87
970.329	13430.33
971.953	13394.99
973.578	13451.13
975.202	13695.45
976.826	14097.8
978.45	14432.57
980.074	14630.1
981.698	14693.52
983.321	14683.13
984.945	14714.32
986.568	14672.73
988.191	14360.83
989.815	13935.61
991.438	13557.17
993.061	13306.61
994.683	13090.37
996.306	12915.7
997.929	12686.98
999.551	12482.16
1001.173	12408.35
1002.795	12458.25
1004.417	12768.07
1006.039	13419.94
1007.661	14559.41
1009.283	16008.69
1010.904	17464.22
1012.526	18496.6
1014.147	19006.03
1015.768	19075.69
1017.389	18701.41
1019.01	17900.87
1020.63	16642.89
1022.251	15137.46
1023.871	13740.15
1025.492	12644.35
1027.112	11992.48
1028.732	11530.87
1030.352	11229.37
1031.972	11017.28
1033.591	10908.12
1035.211	10732.42
1036.83	10409.08
1038.45	9993.22
1040.069	9514.97
1041.688	9002.42
1043.307	8423.33
1044.925	7751.71
1046.544	7018.75
1048.162	6338.81
1049.781	5791.95
1051.399	5366.73
1053.017	5029.88
1054.635	4748.13
1056.253	4496.53
1057.87	4270.93
1059.488	4056.76
1061.105	3858.18
1062.722	3668.96
1064.339	3500.54
1065.956	3335.23
1067.573	3195.92
1069.19	3055.56
1070.806	2953.68
1072.423	2841.39
1074.039	2761.34
1075.655	2672.97
1077.271	2594.99
1078.887	2514.94
1080.502	2451.52
1082.118	2379.78
1083.733	2313.24
1085.348	2249.83
1086.963	2184.33
1088.578	2116.75
1090.193	2051.25
1091.808	1999.27
1093.422	1926.49
1095.037	1873.47
1096.651	1806.93
1098.265	1754.95
1099.879	1695.69
1101.493	1642.66
1103.106	1585.48
1104.72	1534.54
1106.333	1473.2
1107.946	1438.89
1109.559	1384.83
1111.172	1345.32
1112.785	1290.22
1114.398	1254.87
1116.01	1220.56
1117.622	1178.98
1119.234	1135.31
1120.846	1104.12
1122.458	1064.61
1124.07	1025.11
1125.681	986.64
1127.293	959.61
1128.904	902.43
1130.515	857.72
1132.126	800.54
1133.737	747.52
1135.347	720.48
1136.958	700.73
1138.568	674.74
1140.178	663.3
1141.788	647.71
1143.398	645.63
1145.008	646.67
1146.617	635.23
1148.227	618.6
1149.836	600.92
1151.445	574.93
1153.054	565.58
1154.663	538.54
1156.271	516.71
1157.88	501.12
1159.488	481.36
1161.096	467.85
1162.704	457.45
1164.312	433.54
1165.92	426.26
1167.527	411.71
1169.134	400.27
1170.741	380.52
1172.348	373.24
1173.955	359.72
1175.562	345.17
1177.168	344.13
1178.775	330.61
1180.381	321.26
1181.987	302.54
1183.593	300.46
1185.199	293.18
1186.804	281.75
1188.409	275.51
1190.015	256.8
1191.62	253.68
1193.225	248.48
1194.829	241.2
1196.434	229.76
1198.038	236
1199.642	222.49
1201.246	216.25
1202.85	202.73
1204.454	203.77
1206.057	198.58
1207.661	191.3
1209.264	180.9
1210.867	173.62
1212.47	164.27
1214.073	171.54
1215.675	159.07
1217.277	152.83
1218.88	151.79
1220.482	148.67
1222.083	144.51
1223.685	152.83
1225.287	142.43
1226.888	138.27
1228.489	140.35
1230.09	136.2
1231.691	127.88
1233.292	132.04
1234.892	120.6
1236.492	123.72
1238.092	122.68
1239.692	117.48
1241.292	118.52
1242.892	107.09
1244.491	111.24
1246.09	107.09
1247.689	103.97
1249.288	98.77
1250.887	95.65
1252.485	96.69
1254.084	93.57
1255.682	92.53
1257.28	87.33
1258.878	88.37
1260.475	85.25
1262.073	84.21
1263.67	81.09
1265.267	82.13
1266.864	76.93
1268.461	77.97
1270.057	77.97
1271.654	71.74
1273.25	68.62
1274.846	69.66
1276.442	61.34
1278.037	71.74
1279.633	60.3
1281.228	68.62
1282.823	60.3
1284.418	61.34
1286.013	64.46
1287.608	66.54
1289.202	62.38
1290.796	59.26
1292.39	54.06
1293.984	56.14
1295.577	51.98
1297.171	64.46
1298.764	54.06
1300.357	54.06
1301.95	50.94
1303.543	50.94
1305.135	49.9
1306.728	45.75
1308.32	53.02
1309.912	46.78
1311.503	42.63
1313.095	45.75
1314.686	47.82
1316.277	36.39
1317.868	42.63
1319.459	49.9
1321.05	32.23
1322.64	42.63
1324.23	36.39
1325.82	40.55
1327.41	33.27
1329	29.11
1330.589	32.23
1332.179	27.03
1333.768	19.75
1335.357	20.79
1336.945	16.63
1338.534	19.75
1340.122	23.91
1341.71	17.67
1343.298	20.79
1344.886	15.59
1346.473	17.67
1348.06	15.59
1349.648	11.44
1351.234	12.48
1352.821	11.44
1354.408	0
1355.994	15.59
1357.58	17.67
1359.166	17.67
1360.752	12.48
1362.337	13.52
1363.923	17.67
1365.508	4.16
1367.093	14.56
1368.677	9.36
1370.262	12.48
1371.846	8.32
1373.43	11.44
1375.014	6.24
1376.598	13.52
1378.181	17.67
1379.765	14.56
1381.348	11.44
1382.931	8.32
1384.513	13.52
1386.096	14.56
1387.678	16.63
1389.26	18.71
1390.842	9.36
1392.424	18.71
1394.005	14.56
1395.586	22.87
1397.168	19.75
1398.748	16.63
1400.329	17.67
1401.909	27.03
1403.49	22.87
1405.07	28.07
1406.649	30.15
1408.229	36.39
1409.808	42.63
1411.388	40.55
1412.967	43.67
1414.545	41.59
1416.124	36.39
1417.702	37.43
1419.28	33.27
1420.858	23.91
1422.436	23.91
1424.013	23.91
1425.591	17.67
1427.168	23.91
1428.745	16.63
1430.321	17.67
1431.898	15.59
1433.474	22.87
1435.05	18.71
1436.626	18.71
1438.201	17.67
1439.777	23.91
1441.352	18.71
1442.927	22.87
1444.501	20.79
1446.076	23.91
1447.65	23.91
1449.224	19.75
1450.798	25.99
1452.372	32.23
1453.945	23.91
1455.518	31.19
1457.091	28.07
1458.664	30.15
1460.236	35.35
1461.809	33.27
1463.381	39.51
1464.953	44.71
1466.524	42.63
1468.096	58.22
1469.667	77.97
1471.238	98.77
1472.809	109.16
1474.379	131
1475.949	139.31
1477.519	151.79
1479.089	162.19
1480.659	176.74
1482.228	178.82
1483.798	187.14
1485.366	194.42
1486.935	192.34
1488.504	213.13
1490.072	219.37
1491.64	232.88
1493.208	248.48
1494.776	270.31
1496.343	289.03
1497.91	292.14
1499.477	319.18
1501.044	347.25
1502.61	383.63
1504.176	423.14
1505.742	448.09
1507.308	472.01
1508.874	506.31
1510.439	578.05
1512.004	704.89
1513.569	932.58
1515.134	1360.92
1516.698	2007.58
1518.262	2765.5
1519.826	3546.28
1521.39	4173.2
1522.953	4648.32
1524.517	5067.31
1526.08	5475.89
1527.642	5930.22
1529.205	6284.75
1530.767	6466.69
1532.329	6588.33
1533.891	6680.86
1535.453	6758.83
1537.014	6719.33
1538.575	6466.69
1540.136	6028.99
1541.697	5576.74
1543.257	5194.14
1544.817	4869.77
1546.377	4585.94
1547.937	4290.68
1549.497	4048.44
1551.056	3791.64
1552.615	3487.02
1554.174	3129.38
1555.732	2852.83
1557.29	2745.74
1558.848	2828.92
1560.406	3132.5
1561.964	3658.57
1563.521	4361.38
1565.078	5172.31
1566.635	5962.45
1568.192	6720.37
1569.748	7409.66
1571.304	8091.68
1572.86	8724.83
1574.416	9131.34
1575.971	9235.3
1577.526	9071.04
1579.081	8710.28
1580.636	8228.91
1582.19	7616.55
1583.744	6885.67
1585.298	5995.72
1586.852	5092.26
1588.405	4261.57
1589.958	3588.91
1591.511	3088.83
1593.064	2724.95
1594.616	2452.56
1596.169	2248.79
1597.721	2103.23
1599.272	2047.09
1600.824	2083.48
1602.375	2193.68
1603.926	2366.27
1605.477	2587.71
1607.027	2816.44
1608.577	3008.78
1610.127	3153.29
1611.677	3242.7
1613.226	3284.29
1614.775	3287.41
1616.324	3219.83
1617.873	3125.22
1619.422	2954.72
1620.97	2791.49
1622.518	2631.38
1624.065	2510.78
1625.613	2399.54
1627.16	2315.32
1628.707	2238.39
1630.253	2177.05
1631.8	2109.47
1633.346	2050.21
1634.892	1976.39
1636.438	1872.43
1637.983	1728.96
1639.528	1552.21
1641.073	1387.95
1642.618	1235.12
1644.162	1115.56
1645.706	1011.59
1647.25	913.86
1648.793	830.69
1650.337	740.24
1651.88	663.3
1653.423	592.61
1654.965	525.03
1656.507	456.41
1658.049	425.22
1659.591	383.63
1661.133	358.68
1662.674	335.81
1664.215	313.98
1665.756	292.14
1667.296	298.38
1668.836	279.67
1670.376	279.67
1671.916	272.39
1673.455	271.35
1674.994	268.23
1676.533	270.31
1678.072	272.39
1679.61	280.71
1681.148	277.59
1682.686	293.18
1684.224	290.07
1685.761	303.58
1687.298	307.74
1688.835	321.26
1690.371	315.02
1691.907	326.45
1693.443	339.97
1694.979	353.48
1696.514	359.72
1698.049	376.36
1699.584	383.63
1701.119	399.23
1702.653	409.63
1704.187	416.9
1705.721	435.62
1707.255	449.13
1708.788	460.57
1710.321	468.89
