898.735	7704.92
900.365	7940.93
901.994	8185.25
903.623	8403.58
905.253	8621.9
906.882	8836.07
908.511	9058.56
910.14	9248.82
911.768	9465.07
913.397	9690.68
915.026	9942.27
916.654	10232.34
918.282	10622.21
919.911	11063.03
921.539	11579.74
923.167	12075.66
924.795	12594.45
926.422	13071.65
928.05	13516.63
929.678	13897.14
931.305	14178.89
932.932	14398.26
934.56	14550.05
936.187	14686.24
937.814	14792.29
939.44	14903.53
941.067	14986.71
942.694	15101.07
944.32	15215.43
945.947	15336.03
947.573	15425.44
949.199	15454.55
950.825	15446.24
952.451	15396.33
954.077	15288.21
955.703	15105.23
957.328	14930.56
958.954	14711.2
960.579	14532.37
962.204	14310.93
963.829	14158.1
965.454	14001.11
967.079	13857.63
968.704	13711.04
970.329	13599.8
971.953	13512.47
973.578	13492.71
975.202	13587.32
976.826	13805.65
978.45	14002.15
980.074	14118.59
981.698	14196.56
983.321	14254.79
984.945	14345.24
986.568	14329.64
988.191	14069.73
989.815	13727.68
991.438	13366.92
993.061	13055.02
994.683	12711.93
996.306	12391.71
997.929	12040.31
999.551	11736.73
1001.173	11588.06
1002.795	11532.95
1004.417	11670.19
1006.039	12061.1
1007.661	12779.51
1009.283	13698.57
1010.904	14629.06
1012.526	15259.1
1014.147	15548.12
1015.768	15519.01
1017.389	15205.03
1019.01	14625.94
1020.63	13746.39
1022.251	12721.29
1023.871	11762.72
1025.492	11008.97
1027.112	10551.51
1028.732	10188.67
1030.352	9940.19
1031.972	9726.02
1033.591	9592.95
1035.211	9394.37
1036.83	9092.87
1038.45	8719.63
1040.069	8305.85
1041.688	7887.9
1043.307	7423.18
1044.925	6905.43
1046.544	6338.81
1048.162	5809.62
1049.781	5371.93
1051.399	5024.68
1053.017	4735.65
1054.635	4481.98
1056.253	4263.65
1057.87	4055.72
1059.488	3861.3
1061.105	3687.68
1062.722	3506.77
1064.339	3356.02
1065.956	3208.39
1067.573	3076.36
1069.19	2949.52
1070.806	2847.63
1072.423	2747.82
1074.039	2663.61
1075.655	2580.44
1077.271	2500.38
1078.887	2423.45
1080.502	2358.99
1082.118	2298.69
1083.733	2227.99
1085.348	2165.61
1086.963	2105.31
1088.578	2041.89
1090.193	1985.75
1091.808	1928.57
1093.422	1860.99
1095.037	1807.97
1096.651	1741.43
1098.265	1690.49
1099.879	1637.47
1101.493	1583.4
1103.106	1533.5
1104.72	1480.48
1106.333	1421.22
1107.946	1386.91
1109.559	1335.96
1111.172	1294.38
1112.785	1253.83
1114.398	1213.28
1116.01	1167.54
1117.622	1138.43
1119.234	1091.64
1120.846	1058.37
1122.458	1019.91
1124.07	981.44
1125.681	947.13
1127.293	914.9
1128.904	866.04
1130.515	827.57
1132.126	774.55
1133.737	719.45
1135.347	690.33
1136.958	672.66
1138.568	649.79
1140.178	633.15
1141.788	616.52
1143.398	618.6
1145.008	620.68
1146.617	599.88
1148.227	584.29
1149.836	566.61
1151.445	547.9
1153.054	533.35
1154.663	510.47
1156.271	492.8
1157.88	469.93
1159.488	457.45
1161.096	437.7
1162.704	426.26
1164.312	406.51
1165.92	403.39
1167.527	385.71
1169.134	371.16
1170.741	360.76
1172.348	349.33
1173.955	342.05
1175.562	329.57
1177.168	319.18
1178.775	312.94
1180.381	300.46
1181.987	289.03
1183.593	280.71
1185.199	274.47
1186.804	263.03
1188.409	256.8
1190.015	239.12
1191.62	231.84
1193.225	232.88
1194.829	225.61
1196.434	215.21
1198.038	221.45
1199.642	205.85
1201.246	202.73
1202.85	188.18
1204.454	184.02
1206.057	184.02
1207.661	181.94
1209.264	171.54
1210.867	163.23
1212.47	152.83
1214.073	159.07
1215.675	149.71
1217.277	146.59
1218.88	139.31
1220.482	141.39
1222.083	136.2
1223.685	137.24
1225.287	128.92
1226.888	128.92
1228.489	126.84
1230.09	126.84
1231.691	119.56
1233.292	121.64
1234.892	112.28
1236.492	108.12
1238.092	114.36
1239.692	101.89
1241.292	102.93
1242.892	95.65
1244.491	100.85
1246.09	92.53
1247.689	94.61
1249.288	90.45
1250.887	90.45
1252.485	86.29
1254.084	77.97
1255.682	79.01
1257.28	81.09
1258.878	80.05
1260.475	73.82
1262.073	73.82
1263.67	73.82
1265.267	68.62
1266.864	65.5
1268.461	73.82
1270.057	67.58
1271.654	61.34
1273.25	59.26
1274.846	67.58
1276.442	58.22
1278.037	59.26
1279.633	53.02
1281.228	59.26
1282.823	49.9
1284.418	51.98
1286.013	57.18
1287.608	60.3
1289.202	53.02
1290.796	49.9
1292.39	50.94
1293.984	51.98
1295.577	44.71
1297.171	54.06
1298.764	39.51
1300.357	49.9
1301.95	43.67
1303.543	43.67
1305.135	39.51
1306.728	37.43
1308.32	41.59
1309.912	40.55
1311.503	40.55
1313.095	37.43
1314.686	39.51
1316.277	31.19
1317.868	34.31
1319.459	43.67
1321.05	30.15
1322.64	29.11
1324.23	21.83
1325.82	37.43
1327.41	22.87
1329	20.79
1330.589	27.03
1332.179	21.83
1333.768	22.87
1335.357	16.63
1336.945	15.59
1338.534	13.52
1340.122	18.71
1341.71	11.44
1343.298	12.48
1344.886	7.28
1346.473	12.48
1348.06	14.56
1349.648	11.44
1351.234	10.4
1352.821	9.36
1354.408	5.2
1355.994	13.52
1357.58	16.63
1359.166	7.28
1360.752	10.4
1362.337	11.44
1363.923	12.48
1365.508	4.16
1367.093	12.48
1368.677	4.16
1370.262	13.52
1371.846	4.16
1373.43	6.24
1375.014	4.16
1376.598	11.44
1378.181	11.44
1379.765	8.32
1381.348	9.36
1382.931	5.2
1384.513	8.32
1386.096	11.44
1387.678	8.32
1389.26	14.56
1390.842	7.28
1392.424	16.63
1394.005	18.71
1395.586	14.56
1397.168	11.44
1398.748	17.67
1400.329	15.59
1401.909	15.59
1403.49	25.99
1405.07	23.91
1406.649	30.15
1408.229	37.43
1409.808	38.47
1411.388	36.39
1412.967	40.55
1414.545	36.39
1416.124	32.23
1417.702	33.27
1419.28	30.15
1420.858	28.07
1422.436	20.79
1424.013	20.79
1425.591	11.44
1427.168	19.75
1428.745	11.44
1430.321	14.56
1431.898	13.52
1433.474	19.75
1435.05	18.71
1436.626	19.75
1438.201	12.48
1439.777	21.83
1441.352	16.63
1442.927	17.67
1444.501	12.48
1446.076	16.63
1447.65	17.67
1449.224	21.83
1450.798	17.67
1452.372	27.03
1453.945	25.99
1455.518	30.15
1457.091	19.75
1458.664	29.11
1460.236	30.15
1461.809	33.27
1463.381	37.43
1464.953	38.47
1466.524	36.39
1468.096	53.02
1469.667	71.74
1471.238	83.17
1472.809	98.77
1474.379	119.56
1475.949	132.04
1477.519	142.43
1479.089	145.55
1480.659	162.19
1482.228	165.31
1483.798	170.5
1485.366	175.7
1486.935	181.94
1488.504	192.34
1490.072	202.73
1491.64	219.37
1493.208	236
1494.776	251.6
1496.343	272.39
1497.91	272.39
1499.477	299.42
1501.044	329.57
1502.61	365.96
1504.176	394.03
1505.742	430.42
1507.308	455.37
1508.874	491.76
1510.439	559.34
1512.004	675.78
1513.569	888.91
1515.134	1291.26
1516.698	1886.98
1518.262	2584.6
1519.826	3296.76
1521.39	3872.74
1522.953	4319.79
1524.517	4704.46
1526.08	5087.06
1527.642	5500.84
1529.205	5830.42
1530.767	6016.52
1532.329	6171.42
1533.891	6275.39
1535.453	6363.76
1537.014	6332.57
1538.575	6112.16
1540.136	5731.65
1541.697	5330.34
1543.257	4971.66
1544.817	4649.36
1546.377	4365.53
1547.937	4082.75
1549.497	3852.98
1551.056	3621.14
1552.615	3338.35
1554.174	3028.53
1555.732	2782.13
1557.29	2690.64
1558.848	2771.73
1560.406	3057.64
1561.964	3549.4
1563.521	4195.03
1565.078	4917.59
1566.635	5634.96
1568.192	6319.06
1569.748	6943.89
1571.304	7555.21
1572.86	8085.44
1574.416	8436.85
1575.971	8518.98
1577.526	8352.63
1579.081	8011.62
1580.636	7563.53
1582.19	7005.23
1583.744	6326.33
1585.298	5534.11
1586.852	4710.7
1588.405	3974.62
1589.958	3358.1
1591.511	2895.45
1593.064	2566.92
1594.616	2311.17
1596.169	2118.83
1597.721	1988.87
1599.272	1935.85
1600.824	1962.88
1602.375	2059.57
1603.926	2219.68
1605.477	2417.21
1607.027	2631.38
1608.577	2803.96
1610.127	2926.64
1611.677	3004.62
1613.226	3039.97
1614.775	3037.89
1616.324	2976.55
1617.873	2884.02
1619.422	2731.19
1620.97	2573.16
1622.518	2430.73
1624.065	2315.32
1625.613	2214.48
1627.16	2151.06
1628.707	2072.04
1630.253	2012.78
1631.8	1957.68
1633.346	1905.7
1634.892	1827.72
1636.438	1738.31
1637.983	1596.92
1639.528	1436.81
1641.073	1287.1
1642.618	1146.75
1644.162	1021.99
1645.706	934.65
1647.25	848.36
1648.793	771.43
1650.337	688.26
1651.88	620.68
1653.423	548.94
1654.965	485.52
1656.507	431.46
1658.049	398.19
1659.591	368.04
1661.133	336.85
1662.674	318.14
1664.215	303.58
1665.756	279.67
1667.296	280.71
1668.836	265.11
1670.376	274.47
1671.916	260.95
1673.455	263.03
1674.994	256.8
1676.533	261.99
1678.072	267.19
1679.61	272.39
1681.148	271.35
1682.686	283.83
1684.224	285.91
1685.761	294.22
1687.298	296.3
1688.835	307.74
1690.371	306.7
1691.907	321.26
1693.443	335.81
1694.979	350.37
1696.514	356.6
1698.049	365.96
1699.584	379.48
1701.119	387.79
1702.653	403.39
1704.187	416.9
1705.721	428.34
1707.255	444.97
1708.788	451.21
1710.321	473.05
