898.735	4856.25
900.365	4998.69
901.994	5153.6
903.623	5274.2
905.253	5415.59
906.882	5546.59
908.511	5675.51
910.14	5792.99
911.768	5908.39
913.397	6049.78
915.026	6205.73
916.654	6375.2
918.282	6628.88
919.911	6900.23
921.539	7226.68
923.167	7559.37
924.795	7886.86
926.422	8199.8
928.05	8495.07
929.678	8738.35
931.305	8944.2
932.932	9095.99
934.56	9214.51
936.187	9317.44
937.814	9423.48
939.44	9523.29
941.067	9634.53
942.694	9745.78
944.32	9874.7
945.947	10015.05
947.573	10136.69
949.199	10194.91
950.825	10219.86
952.451	10191.79
954.077	10110.7
955.703	9972.42
957.328	9825.83
958.954	9653.25
960.579	9519.13
962.204	9368.38
963.829	9293.53
965.454	9213.47
967.079	9163.57
968.704	9111.58
970.329	9091.83
971.953	9085.59
973.578	9173.96
975.202	9398.53
976.826	9768.65
978.45	10106.54
980.074	10330.07
981.698	10454.83
983.321	10520.32
984.945	10597.26
986.568	10591.02
988.191	10349.82
989.815	10005.69
991.438	9666.76
993.061	9437
994.683	9225.95
996.306	9056.48
997.929	8848.55
999.551	8669.73
1001.173	8620.86
1002.795	8673.89
1004.417	8904.69
1006.039	9397.49
1007.661	10235.46
1009.283	11303.19
1010.904	12361.56
1012.526	13127.79
1014.147	13510.39
1015.768	13560.29
1017.389	13296.22
1019.01	12726.48
1020.63	11852.13
1022.251	10804.15
1023.871	9823.75
1025.492	9062.72
1027.112	8610.47
1028.732	8287.13
1030.352	8075.04
1031.972	7934.69
1033.591	7862.95
1035.211	7743.39
1036.83	7524.02
1038.45	7205.89
1040.069	6852.4
1041.688	6471.89
1043.307	6053.94
1044.925	5560.1
1046.544	5026.76
1048.162	4531.88
1049.781	4124.33
1051.399	3804.12
1053.017	3556.68
1054.635	3350.83
1056.253	3163.69
1057.87	2994.22
1059.488	2837.23
1061.105	2690.64
1062.722	2546.13
1064.339	2429.69
1065.956	2301.81
1067.573	2197.84
1069.19	2108.43
1070.806	2029.42
1072.423	1959.76
1074.039	1895.3
1075.655	1840.2
1077.271	1773.66
1078.887	1719.6
1080.502	1681.13
1082.118	1635.39
1083.733	1592.76
1085.348	1551.17
1086.963	1500.23
1088.578	1453.45
1090.193	1409.78
1091.808	1379.63
1093.422	1329.73
1095.037	1294.38
1096.651	1246.55
1098.265	1208.09
1099.879	1177.94
1101.493	1135.31
1103.106	1096.84
1104.72	1061.49
1106.333	1020.95
1107.946	994.96
1109.559	960.65
1111.172	931.54
1112.785	894.11
1114.398	876.43
1116.01	849.4
1117.622	818.21
1119.234	792.22
1120.846	765.19
1122.458	741.28
1124.07	712.17
1125.681	685.14
1127.293	671.62
1128.904	628.99
1130.515	593.65
1132.126	540.62
1133.737	496.96
1135.347	482.4
1136.958	463.69
1138.568	454.33
1140.178	453.29
1141.788	437.7
1143.398	444.97
1145.008	452.25
1146.617	443.94
1148.227	438.74
1149.836	416.9
1151.445	402.35
1153.054	399.23
1154.663	378.44
1156.271	370.12
1157.88	349.33
1159.488	345.17
1161.096	328.53
1162.704	317.1
1164.312	298.38
1165.92	302.54
1167.527	290.07
1169.134	278.63
1170.741	261.99
1172.348	255.76
1173.955	254.72
1175.562	248.48
1177.168	244.32
1178.775	234.96
1180.381	229.76
1181.987	220.41
1183.593	213.13
1185.199	214.17
1186.804	204.81
1188.409	192.34
1190.015	177.78
1191.62	178.82
1193.225	179.86
1194.829	172.58
1196.434	165.31
1198.038	168.43
1199.642	158.03
1201.246	156.99
1202.85	147.63
1204.454	146.59
1206.057	145.55
1207.661	139.31
1209.264	132.04
1210.867	124.76
1212.47	115.4
1214.073	119.56
1215.675	116.44
1217.277	113.32
1218.88	109.16
1220.482	102.93
1222.083	98.77
1223.685	103.97
1225.287	101.89
1226.888	100.85
1228.489	98.77
1230.09	94.61
1231.691	88.37
1233.292	98.77
1234.892	88.37
1236.492	85.25
1238.092	89.41
1239.692	86.29
1241.292	83.17
1242.892	84.21
1244.491	77.97
1246.09	76.93
1247.689	71.74
1249.288	69.66
1250.887	74.86
1252.485	67.58
1254.084	63.42
1255.682	65.5
1257.28	64.46
1258.878	63.42
1260.475	57.18
1262.073	58.22
1263.67	60.3
1265.267	56.14
1266.864	53.02
1268.461	59.26
1270.057	51.98
1271.654	48.86
1273.25	47.82
1274.846	53.02
1276.442	47.82
1278.037	53.02
1279.633	39.51
1281.228	44.71
1282.823	44.71
1284.418	39.51
1286.013	47.82
1287.608	45.75
1289.202	42.63
1290.796	48.86
1292.39	37.43
1293.984	38.47
1295.577	32.23
1297.171	44.71
1298.764	31.19
1300.357	39.51
1301.95	32.23
1303.543	33.27
1305.135	38.47
1306.728	38.47
1308.32	34.31
1309.912	31.19
1311.503	36.39
1313.095	32.23
1314.686	35.35
1316.277	25.99
1317.868	29.11
1319.459	37.43
1321.05	21.83
1322.64	28.07
1324.23	19.75
1325.82	31.19
1327.41	15.59
1329	15.59
1330.589	20.79
1332.179	17.67
1333.768	14.56
1335.357	17.67
1336.945	13.52
1338.534	9.36
1340.122	7.28
1341.71	11.44
1343.298	7.28
1344.886	9.36
1346.473	15.59
1348.06	5.2
1349.648	1.04
1351.234	8.32
1352.821	1.04
1354.408	0
1355.994	4.16
1357.58	9.36
1359.166	7.28
1360.752	5.2
1362.337	7.28
1363.923	7.28
1365.508	3.12
1367.093	4.16
1368.677	3.12
1370.262	11.44
1371.846	-1.04
1373.43	3.12
1375.014	1.04
1376.598	4.16
1378.181	7.28
1379.765	8.32
1381.348	1.04
1382.931	0
1384.513	2.08
1386.096	5.2
1387.678	8.32
1389.26	13.52
1390.842	-2.08
1392.424	14.56
1394.005	5.2
1395.586	9.36
1397.168	11.44
1398.748	13.52
1400.329	4.16
1401.909	8.32
1403.49	12.48
1405.07	11.44
1406.649	15.59
1408.229	24.95
1409.808	28.07
1411.388	25.99
1412.967	25.99
1414.545	23.91
1416.124	21.83
1417.702	21.83
1419.28	17.67
1420.858	19.75
1422.436	13.52
1424.013	16.63
1425.591	7.28
1427.168	13.52
1428.745	5.2
1430.321	7.28
1431.898	4.16
1433.474	17.67
1435.05	14.56
1436.626	11.44
1438.201	7.28
1439.777	13.52
1441.352	13.52
1442.927	12.48
1444.501	6.24
1446.076	10.4
1447.65	12.48
1449.224	11.44
1450.798	16.63
1452.372	20.79
1453.945	11.44
1455.518	23.91
1457.091	14.56
1458.664	17.67
1460.236	18.71
1461.809	21.83
1463.381	27.03
1464.953	28.07
1466.524	30.15
1468.096	32.23
1469.667	46.78
1471.238	53.02
1472.809	63.42
1474.379	82.13
1475.949	84.21
1477.519	92.53
1479.089	92.53
1480.659	102.93
1482.228	103.97
1483.798	116.44
1485.366	117.48
1486.935	118.52
1488.504	127.88
1490.072	128.92
1491.64	142.43
1493.208	153.87
1494.776	161.15
1496.343	177.78
1497.91	173.62
1499.477	189.22
1501.044	210.01
1502.61	230.8
1504.176	249.52
1505.742	270.31
1507.308	291.1
1508.874	310.86
1510.439	350.37
1512.004	427.3
1513.569	566.61
1515.134	822.37
1516.698	1202.89
1518.262	1648.9
1519.826	2107.39
1521.39	2480.63
1522.953	2754.06
1524.517	2999.42
1526.08	3226.07
1527.642	3485.98
1529.205	3685.6
1530.767	3773.97
1532.329	3847.78
1533.891	3901.85
1535.453	3939.27
1537.014	3914.32
1538.575	3767.73
1540.136	3521.33
1541.697	3273.89
1543.257	3060.76
1544.817	2865.3
1546.377	2697.92
1547.937	2525.34
1549.497	2379.78
1551.056	2223.83
1552.615	2043.97
1554.174	1843.32
1555.732	1684.25
1557.29	1614.59
1558.848	1664.5
1560.406	1845.4
1561.964	2145.86
1563.521	2550.29
1565.078	3009.82
1566.635	3455.83
1568.192	3894.57
1569.748	4294.84
1571.304	4683.67
1572.86	5026.76
1574.416	5258.6
1575.971	5309.55
1577.526	5215.98
1579.081	5001.81
1580.636	4727.34
1582.19	4375.93
1583.744	3952.79
1585.298	3442.32
1586.852	2929.76
1588.405	2464
1589.958	2082.44
1591.511	1789.26
1593.064	1585.48
1594.616	1435.77
1596.169	1312.05
1597.721	1229.92
1599.272	1195.61
1600.824	1218.48
1602.375	1283.98
1603.926	1381.71
1605.477	1515.83
1607.027	1645.78
1608.577	1749.75
1610.127	1835
1611.677	1889.06
1613.226	1905.7
1614.775	1901.54
1616.324	1858.91
1617.873	1799.65
1619.422	1705.04
1620.97	1609.39
1622.518	1518.94
1624.065	1452.41
1625.613	1392.11
1627.16	1349.48
1628.707	1300.62
1630.253	1264.23
1631.8	1232
1633.346	1200.81
1634.892	1152.98
1636.438	1099.96
1637.983	1013.67
1639.528	910.74
1641.073	813.01
1642.618	730.88
1644.162	647.71
1645.706	604.04
1647.25	543.74
1648.793	487.6
1650.337	438.74
1651.88	397.15
1653.423	348.29
1654.965	310.86
1656.507	272.39
1658.049	259.92
1659.591	228.73
1661.133	221.45
1662.674	200.65
1664.215	194.42
1665.756	175.7
1667.296	185.06
1668.836	166.35
1670.376	167.39
1671.916	169.46
1673.455	167.39
1674.994	165.31
1676.533	169.46
1678.072	168.43
1679.61	172.58
1681.148	178.82
1682.686	186.1
1684.224	184.02
1685.761	192.34
1687.298	191.3
1688.835	195.46
1690.371	198.58
1691.907	210.01
1693.443	215.21
1694.979	223.53
1696.514	225.61
1698.049	234.96
1699.584	242.24
1701.119	256.8
1702.653	251.6
1704.187	274.47
1705.721	277.59
1707.255	290.07
1708.788	292.14
1710.321	303.58
