898.735	232.88
900.365	230.8
901.994	240.16
903.623	241.2
905.253	230.8
906.882	240.16
908.511	238.08
910.14	245.36
911.768	232.88
913.397	234.96
915.026	240.16
916.654	246.4
918.282	251.6
919.911	258.88
921.539	252.64
923.167	271.35
924.795	280.71
926.422	289.03
928.05	285.91
929.678	294.22
931.305	295.26
932.932	303.58
934.56	290.07
936.187	292.14
937.814	282.79
939.44	275.51
941.067	271.35
942.694	271.35
944.32	272.39
945.947	275.51
947.573	265.11
949.199	276.55
950.825	257.84
952.451	272.39
954.077	266.15
955.703	274.47
957.328	266.15
958.954	268.23
960.579	265.11
962.204	265.11
963.829	260.95
965.454	268.23
967.079	257.84
968.704	256.8
970.329	247.44
971.953	244.32
973.578	249.52
975.202	241.2
976.826	236
978.45	232.88
980.074	232.88
981.698	227.69
983.321	225.61
984.945	223.53
986.568	227.69
988.191	224.57
989.815	208.97
991.438	212.09
993.061	206.89
994.683	208.97
996.306	207.93
997.929	206.89
999.551	195.46
1001.173	199.61
1002.795	193.38
1004.417	201.69
1006.039	187.14
1007.661	191.3
1009.283	187.14
1010.904	179.86
1012.526	176.74
1014.147	179.86
1015.768	159.07
1017.389	167.39
1019.01	160.11
1020.63	156.99
1022.251	159.07
1023.871	159.07
1025.492	155.95
1027.112	155.95
1028.732	155.95
1030.352	151.79
1031.972	148.67
1033.591	141.39
1035.211	143.47
1036.83	144.51
1038.45	148.67
1040.069	163.23
1041.688	159.07
1043.307	163.23
1044.925	158.03
1046.544	165.31
1048.162	175.7
1049.781	179.86
1051.399	190.26
1053.017	210.01
1054.635	223.53
1056.253	245.36
1057.87	259.92
1059.488	301.5
1061.105	326.45
1062.722	371.16
1064.339	401.31
1065.956	440.82
1067.573	457.45
1069.19	472.01
1070.806	479.28
1072.423	470.97
1074.039	462.65
1075.655	452.25
1077.271	425.22
1078.887	402.35
1080.502	383.63
1082.118	368.04
1083.733	343.09
1085.348	332.69
1086.963	312.94
1088.578	293.18
1090.193	269.27
1091.808	256.8
1093.422	246.4
1095.037	238.08
1096.651	218.33
1098.265	207.93
1099.879	207.93
1101.493	201.69
1103.106	198.58
1104.72	179.86
1106.333	179.86
1107.946	170.5
1109.559	162.19
1111.172	155.95
1112.785	141.39
1114.398	132.04
1116.01	115.4
1117.622	114.36
1119.234	102.93
1120.846	93.57
1122.458	90.45
1124.07	85.25
1125.681	84.21
1127.293	80.05
1128.904	72.78
1130.515	67.58
1132.126	68.62
1133.737	66.54
1135.347	68.62
1136.958	65.5
1138.568	57.18
1140.178	68.62
1141.788	61.34
1143.398	56.14
1145.008	51.98
1146.617	47.82
1148.227	41.59
1149.836	47.82
1151.445	45.75
1153.054	49.9
1154.663	42.63
1156.271	39.51
1157.88	38.47
1159.488	43.67
1161.096	35.35
1162.704	40.55
1164.312	36.39
1165.92	37.43
1167.527	44.71
1169.134	37.43
1170.741	30.15
1172.348	39.51
1173.955	32.23
1175.562	41.59
1177.168	34.31
1178.775	32.23
1180.381	35.35
1181.987	36.39
1183.593	40.55
1185.199	34.31
1186.804	37.43
1188.409	30.15
1190.015	35.35
1191.62	34.31
1193.225	27.03
1194.829	34.31
1196.434	35.35
1198.038	33.27
1199.642	28.07
1201.246	35.35
1202.85	25.99
1204.454	32.23
1206.057	23.91
1207.661	36.39
1209.264	27.03
1210.867	29.11
1212.47	31.19
1214.073	33.27
1215.675	30.15
1217.277	29.11
1218.88	36.39
1220.482	29.11
1222.083	22.87
1223.685	37.43
1225.287	31.19
1226.888	37.43
1228.489	30.15
1230.09	30.15
1231.691	34.31
1233.292	41.59
1234.892	25.99
1236.492	28.07
1238.092	28.07
1239.692	28.07
1241.292	27.03
1242.892	27.03
1244.491	25.99
1246.09	27.03
1247.689	27.03
1249.288	28.07
1250.887	31.19
1252.485	22.87
1254.084	23.91
1255.682	22.87
1257.28	19.75
1258.878	21.83
1260.475	17.67
1262.073	32.23
1263.67	18.71
1265.267	27.03
1266.864	15.59
1268.461	27.03
1270.057	20.79
1271.654	27.03
1273.25	23.91
1274.846	27.03
1276.442	20.79
1278.037	20.79
1279.633	18.71
1281.228	24.95
1282.823	32.23
1284.418	20.79
1286.013	28.07
1287.608	28.07
1289.202	27.03
1290.796	20.79
1292.39	20.79
1293.984	21.83
1295.577	24.95
1297.171	27.03
1298.764	22.87
1300.357	24.95
1301.95	23.91
1303.543	29.11
1305.135	21.83
1306.728	37.43
1308.32	29.11
1309.912	29.11
1311.503	31.19
1313.095	28.07
1314.686	36.39
1316.277	31.19
1317.868	37.43
1319.459	40.55
1321.05	36.39
1322.64	42.63
1324.23	37.43
1325.82	45.75
1327.41	41.59
1329	47.82
1330.589	35.35
1332.179	41.59
1333.768	42.63
1335.357	42.63
1336.945	33.27
1338.534	40.55
1340.122	28.07
1341.71	34.31
1343.298	31.19
1344.886	22.87
1346.473	25.99
1348.06	17.67
1349.648	19.75
1351.234	21.83
1352.821	19.75
1354.408	16.63
1355.994	15.59
1357.58	29.11
1359.166	21.83
1360.752	27.03
1362.337	22.87
1363.923	23.91
1365.508	23.91
1367.093	22.87
1368.677	15.59
1370.262	24.95
1371.846	30.15
1373.43	32.23
1375.014	20.79
1376.598	29.11
1378.181	32.23
1379.765	29.11
1381.348	27.03
1382.931	22.87
1384.513	21.83
1386.096	20.79
1387.678	12.48
1389.26	21.83
1390.842	16.63
1392.424	14.56
1394.005	24.95
1395.586	30.15
1397.168	25.99
1398.748	31.19
1400.329	27.03
1401.909	29.11
1403.49	34.31
1405.07	32.23
1406.649	30.15
1408.229	24.95
1409.808	31.19
1411.388	37.43
1412.967	25.99
1414.545	21.83
1416.124	28.07
1417.702	21.83
1419.28	32.23
1420.858	20.79
1422.436	16.63
1424.013	20.79
1425.591	13.52
1427.168	25.99
1428.745	18.71
1430.321	13.52
1431.898	12.48
1433.474	19.75
1435.05	24.95
1436.626	20.79
1438.201	18.71
1439.777	21.83
1441.352	21.83
1442.927	14.56
1444.501	19.75
1446.076	15.59
1447.65	16.63
1449.224	17.67
1450.798	17.67
1452.372	19.75
1453.945	18.71
1455.518	21.83
1457.091	18.71
1458.664	21.83
1460.236	14.56
1461.809	18.71
1463.381	24.95
1464.953	17.67
1466.524	17.67
1468.096	20.79
1469.667	17.67
1471.238	24.95
1472.809	20.79
1474.379	20.79
1475.949	22.87
1477.519	24.95
1479.089	12.48
1480.659	24.95
1482.228	22.87
1483.798	23.91
1485.366	23.91
1486.935	25.99
1488.504	27.03
1490.072	34.31
1491.64	20.79
1493.208	35.35
1494.776	25.99
1496.343	33.27
1497.91	24.95
1499.477	38.47
1501.044	41.59
1502.61	40.55
1504.176	39.51
1505.742	45.75
1507.308	42.63
1508.874	34.31
1510.439	47.82
1512.004	55.1
1513.569	65.5
1515.134	88.37
1516.698	123.72
1518.262	161.15
1519.826	190.26
1521.39	215.21
1522.953	226.65
1524.517	254.72
1526.08	266.15
1527.642	280.71
1529.205	299.42
1530.767	306.7
1532.329	303.58
1533.891	311.9
1535.453	311.9
1537.014	309.82
1538.575	292.14
1540.136	277.59
1541.697	254.72
1543.257	238.08
1544.817	218.33
1546.377	205.85
1547.937	188.18
1549.497	176.74
1551.056	176.74
1552.615	162.19
1554.174	155.95
1555.732	155.95
1557.29	155.95
1558.848	171.54
1560.406	196.5
1561.964	231.84
1563.521	271.35
1565.078	319.18
1566.635	376.36
1568.192	404.43
1569.748	440.82
1571.304	470.97
1572.86	514.63
1574.416	528.15
1575.971	528.15
1577.526	515.67
1579.081	486.56
1580.636	446.01
1582.19	421.06
1583.744	382.6
1585.298	332.69
1586.852	276.55
1588.405	237.04
1589.958	206.89
1591.511	182.98
1593.064	164.27
1594.616	147.63
1596.169	143.47
1597.721	140.35
1599.272	134.12
1600.824	138.27
1602.375	140.35
1603.926	156.99
1605.477	171.54
1607.027	186.1
1608.577	189.22
1610.127	199.61
1611.677	196.5
1613.226	199.61
1614.775	193.38
1616.324	195.46
1617.873	182.98
1619.422	172.58
1620.97	169.46
1622.518	156.99
1624.065	155.95
1625.613	145.55
1627.16	145.55
1628.707	144.51
1630.253	133.08
1631.8	136.2
1633.346	131
1634.892	112.28
1636.438	117.48
1637.983	109.16
1639.528	98.77
1641.073	86.29
1642.618	79.01
1644.162	84.21
1645.706	63.42
1647.25	64.46
1648.793	60.3
1650.337	54.06
1651.88	47.82
1653.423	42.63
1654.965	49.9
1656.507	35.35
1658.049	38.47
1659.591	37.43
1661.133	31.19
1662.674	28.07
1664.215	30.15
1665.756	30.15
1667.296	22.87
1668.836	32.23
1670.376	31.19
1671.916	20.79
1673.455	28.07
1674.994	22.87
1676.533	31.19
1678.072	23.91
1679.61	20.79
1681.148	17.67
1682.686	23.91
1684.224	18.71
1685.761	16.63
1687.298	22.87
1688.835	27.03
1690.371	24.95
1691.907	31.19
1693.443	20.79
1694.979	30.15
1696.514	23.91
1698.049	23.91
1699.584	28.07
1701.119	17.67
1702.653	20.79
1704.187	28.07
1705.721	14.56
1707.255	24.95
1708.788	24.95
1710.321	24.95
