898.735	1811.09
900.365	1837.08
901.994	1872.43
903.623	1894.26
905.253	1926.49
906.882	1961.84
908.511	1987.83
910.14	2008.62
911.768	2033.58
913.397	2066.85
915.026	2117.79
916.654	2160.41
918.282	2247.75
919.911	2323.64
921.539	2424.49
923.167	2507.66
924.795	2592.91
926.422	2659.45
928.05	2712.47
929.678	2753.02
931.305	2774.85
932.932	2779.01
934.56	2782.13
936.187	2769.66
937.814	2765.5
939.44	2750.94
941.067	2741.58
942.694	2731.19
944.32	2714.55
945.947	2696.88
947.573	2665.69
949.199	2635.54
950.825	2583.56
952.451	2529.49
954.077	2453.6
955.703	2374.58
957.328	2304.93
958.954	2218.64
960.579	2155.22
962.204	2085.56
963.829	2030.46
965.454	1968.08
967.079	1925.45
968.704	1888.02
970.329	1855.79
971.953	1847.48
973.578	1846.44
975.202	1856.83
976.826	1888.02
978.45	1917.13
980.074	1949.36
981.698	1952.48
983.321	1956.64
984.945	1930.65
986.568	1897.38
988.191	1843.32
989.815	1805.89
991.438	1743.51
993.061	1702.96
994.683	1653.06
996.306	1613.55
997.929	1576.13
999.551	1562.61
1001.173	1557.41
1002.795	1576.13
1004.417	1614.59
1006.039	1684.25
1007.661	1793.41
1009.283	1904.66
1010.904	2003.43
1012.526	2081.4
1014.147	2102.19
1015.768	2073.08
1017.389	2015.9
1019.01	1907.78
1020.63	1788.22
1022.251	1688.41
1023.871	1600.04
1025.492	1541.82
1027.112	1515.83
1028.732	1474.24
1030.352	1442.01
1031.972	1413.94
1033.591	1399.38
1035.211	1374.43
1036.83	1340.12
1038.45	1278.78
1040.069	1228.88
1041.688	1163.38
1043.307	1088.52
1044.925	1012.63
1046.544	939.85
1048.162	881.63
1049.781	824.45
1051.399	781.82
1053.017	740.24
1054.635	714.25
1056.253	679.94
1057.87	661.22
1059.488	639.39
1061.105	604.04
1062.722	587.41
1064.339	563.5
1065.956	542.7
1067.573	528.15
1069.19	508.39
1070.806	488.64
1072.423	469.93
1074.039	464.73
1075.655	444.97
1077.271	431.46
1078.887	423.14
1080.502	410.67
1082.118	398.19
1083.733	388.83
1085.348	374.28
1086.963	368.04
1088.578	358.68
1090.193	344.13
1091.808	329.57
1093.422	327.49
1095.037	310.86
1096.651	304.62
1098.265	297.34
1099.879	287.99
1101.493	275.51
1103.106	268.23
1104.72	258.88
1106.333	243.28
1107.946	243.28
1109.559	228.73
1111.172	224.57
1112.785	218.33
1114.398	219.37
1116.01	200.65
1117.622	196.5
1119.234	191.3
1120.846	172.58
1122.458	177.78
1124.07	169.46
1125.681	163.23
1127.293	151.79
1128.904	150.75
1130.515	145.55
1132.126	132.04
1133.737	129.96
1135.347	127.88
1136.958	126.84
1138.568	108.12
1140.178	103.97
1141.788	100.85
1143.398	95.65
1145.008	95.65
1146.617	92.53
1148.227	79.01
1149.836	82.13
1151.445	75.9
1153.054	66.54
1154.663	59.26
1156.271	60.3
1157.88	54.06
1159.488	51.98
1161.096	50.94
1162.704	50.94
1164.312	45.75
1165.92	45.75
1167.527	44.71
1169.134	51.98
1170.741	36.39
1172.348	45.75
1173.955	48.86
1175.562	39.51
1177.168	37.43
1178.775	44.71
1180.381	39.51
1181.987	37.43
1183.593	37.43
1185.199	32.23
1186.804	34.31
1188.409	39.51
1190.015	39.51
1191.62	33.27
1193.225	32.23
1194.829	31.19
1196.434	30.15
1198.038	39.51
1199.642	38.47
1201.246	33.27
1202.85	35.35
1204.454	37.43
1206.057	29.11
1207.661	33.27
1209.264	32.23
1210.867	33.27
1212.47	33.27
1214.073	25.99
1215.675	19.75
1217.277	32.23
1218.88	30.15
1220.482	28.07
1222.083	25.99
1223.685	22.87
1225.287	24.95
1226.888	18.71
1228.489	22.87
1230.09	29.11
1231.691	23.91
1233.292	23.91
1234.892	24.95
1236.492	25.99
1238.092	24.95
1239.692	24.95
1241.292	28.07
1242.892	20.79
1244.491	25.99
1246.09	27.03
1247.689	22.87
1249.288	24.95
1250.887	19.75
1252.485	19.75
1254.084	27.03
1255.682	25.99
1257.28	18.71
1258.878	18.71
1260.475	25.99
1262.073	22.87
1263.67	16.63
1265.267	23.91
1266.864	11.44
1268.461	24.95
1270.057	21.83
1271.654	22.87
1273.25	20.79
1274.846	15.59
1276.442	23.91
1278.037	21.83
1279.633	20.79
1281.228	12.48
1282.823	25.99
1284.418	16.63
1286.013	20.79
1287.608	22.87
1289.202	19.75
1290.796	19.75
1292.39	19.75
1293.984	18.71
1295.577	20.79
1297.171	19.75
1298.764	20.79
1300.357	12.48
1301.95	19.75
1303.543	17.67
1305.135	14.56
1306.728	20.79
1308.32	21.83
1309.912	21.83
1311.503	16.63
1313.095	18.71
1314.686	19.75
1316.277	21.83
1317.868	12.48
1319.459	13.52
1321.05	14.56
1322.64	18.71
1324.23	7.28
1325.82	20.79
1327.41	15.59
1329	15.59
1330.589	17.67
1332.179	13.52
1333.768	12.48
1335.357	15.59
1336.945	6.24
1338.534	11.44
1340.122	9.36
1341.71	11.44
1343.298	5.2
1344.886	12.48
1346.473	16.63
1348.06	9.36
1349.648	14.56
1351.234	10.4
1352.821	9.36
1354.408	9.36
1355.994	9.36
1357.58	12.48
1359.166	12.48
1360.752	11.44
1362.337	11.44
1363.923	14.56
1365.508	5.2
1367.093	10.4
1368.677	12.48
1370.262	10.4
1371.846	10.4
1373.43	12.48
1375.014	7.28
1376.598	13.52
1378.181	6.24
1379.765	6.24
1381.348	7.28
1382.931	10.4
1384.513	8.32
1386.096	11.44
1387.678	7.28
1389.26	7.28
1390.842	10.4
1392.424	5.2
1394.005	5.2
1395.586	7.28
1397.168	8.32
1398.748	5.2
1400.329	8.32
1401.909	7.28
1403.49	12.48
1405.07	9.36
1406.649	14.56
1408.229	8.32
1409.808	13.52
1411.388	11.44
1412.967	10.4
1414.545	11.44
1416.124	10.4
1417.702	11.44
1419.28	9.36
1420.858	14.56
1422.436	4.16
1424.013	10.4
1425.591	1.04
1427.168	8.32
1428.745	13.52
1430.321	10.4
1431.898	12.48
1433.474	7.28
1435.05	8.32
1436.626	6.24
1438.201	11.44
1439.777	6.24
1441.352	11.44
1442.927	8.32
1444.501	12.48
1446.076	9.36
1447.65	10.4
1449.224	8.32
1450.798	14.56
1452.372	13.52
1453.945	15.59
1455.518	9.36
1457.091	15.59
1458.664	16.63
1460.236	11.44
1461.809	11.44
1463.381	12.48
1464.953	14.56
1466.524	17.67
1468.096	12.48
1469.667	13.52
1471.238	8.32
1472.809	6.24
1474.379	14.56
1475.949	15.59
1477.519	17.67
1479.089	9.36
1480.659	9.36
1482.228	10.4
1483.798	15.59
1485.366	19.75
1486.935	13.52
1488.504	13.52
1490.072	16.63
1491.64	11.44
1493.208	16.63
1494.776	24.95
1496.343	38.47
1497.91	47.82
1499.477	67.58
1501.044	70.7
1502.61	76.93
1504.176	76.93
1505.742	76.93
1507.308	53.02
1508.874	45.75
1510.439	27.03
1512.004	30.15
1513.569	13.52
1515.134	9.36
1516.698	16.63
1518.262	18.71
1519.826	19.75
1521.39	16.63
1522.953	10.4
1524.517	14.56
1526.08	11.44
1527.642	11.44
1529.205	14.56
1530.767	15.59
1532.329	9.36
1533.891	18.71
1535.453	16.63
1537.014	16.63
1538.575	13.52
1540.136	13.52
1541.697	15.59
1543.257	17.67
1544.817	13.52
1546.377	14.56
1547.937	16.63
1549.497	13.52
1551.056	9.36
1552.615	18.71
1554.174	10.4
1555.732	20.79
1557.29	12.48
1558.848	18.71
1560.406	9.36
1561.964	14.56
1563.521	16.63
1565.078	10.4
1566.635	8.32
1568.192	10.4
1569.748	13.52
1571.304	19.75
1572.86	18.71
1574.416	23.91
1575.971	15.59
1577.526	14.56
1579.081	17.67
1580.636	18.71
1582.19	14.56
1583.744	14.56
1585.298	7.28
1586.852	15.59
1588.405	14.56
1589.958	12.48
1591.511	10.4
1593.064	12.48
1594.616	13.52
1596.169	15.59
1597.721	12.48
1599.272	18.71
1600.824	15.59
1602.375	24.95
1603.926	23.91
1605.477	24.95
1607.027	33.27
1608.577	27.03
1610.127	34.31
1611.677	34.31
1613.226	32.23
1614.775	40.55
1616.324	38.47
1617.873	40.55
1619.422	40.55
1620.97	34.31
1622.518	37.43
1624.065	41.59
1625.613	43.67
1627.16	38.47
1628.707	46.78
1630.253	39.51
1631.8	45.75
1633.346	46.78
1634.892	40.55
1636.438	54.06
1637.983	46.78
1639.528	49.9
1641.073	49.9
1642.618	49.9
1644.162	51.98
1645.706	49.9
1647.25	56.14
1648.793	56.14
1650.337	57.18
1651.88	58.22
1653.423	60.3
1654.965	66.54
1656.507	59.26
1658.049	70.7
1659.591	70.7
1661.133	74.86
1662.674	80.05
1664.215	77.97
1665.756	72.78
1667.296	76.93
1668.836	85.25
1670.376	83.17
1671.916	87.33
1673.455	93.57
1674.994	91.49
1676.533	91.49
1678.072	95.65
1679.61	94.61
1681.148	92.53
1682.686	99.81
1684.224	108.12
1685.761	109.16
1687.298	109.16
1688.835	113.32
1690.371	120.6
1691.907	115.4
1693.443	122.68
1694.979	128.92
1696.514	133.08
1698.049	134.12
1699.584	128.92
1701.119	134.12
1702.653	139.31
1704.187	140.35
1705.721	139.31
1707.255	150.75
1708.788	151.79
1710.321	154.91
