898.735	1858.91
900.365	1880.75
901.994	1923.37
903.623	1946.24
905.253	1980.55
906.882	2009.66
908.511	2028.38
910.14	2049.17
911.768	2079.32
913.397	2113.63
915.026	2156.26
916.654	2207.2
918.282	2293.49
919.911	2366.27
921.539	2462.96
923.167	2555.49
924.795	2637.62
926.422	2707.28
928.05	2766.54
929.678	2801.89
931.305	2824.76
932.932	2826.84
934.56	2834.11
936.187	2824.76
937.814	2821.64
939.44	2813.32
941.067	2812.28
942.694	2808.12
944.32	2802.92
945.947	2788.37
947.573	2769.66
949.199	2735.35
950.825	2693.76
952.451	2629.3
954.077	2560.68
955.703	2472.31
957.328	2391.22
958.954	2300.77
960.579	2231.11
962.204	2157.3
963.829	2116.75
965.454	2053.33
967.079	2008.62
968.704	1977.43
970.329	1956.64
971.953	1948.32
973.578	1967.04
975.202	1994.07
976.826	2071
978.45	2132.34
980.074	2185.37
981.698	2213.44
983.321	2226.95
984.945	2197.84
986.568	2165.61
988.191	2088.68
989.815	2024.22
991.438	1953.52
993.061	1888.02
994.683	1826.68
996.306	1777.82
997.929	1736.23
999.551	1716.48
1001.173	1722.72
1002.795	1759.11
1004.417	1827.72
1006.039	1949.36
1007.661	2126.11
1009.283	2314.28
1010.904	2487.91
1012.526	2611.63
1014.147	2649.05
1015.768	2614.75
1017.389	2507.66
1019.01	2356.91
1020.63	2179.13
1022.251	2031.5
1023.871	1910.9
1025.492	1841.24
1027.112	1790.3
1028.732	1751.83
1030.352	1714.4
1031.972	1682.17
1033.591	1664.5
1035.211	1631.23
1036.83	1592.76
1038.45	1527.26
1040.069	1445.13
1041.688	1355.72
1043.307	1251.75
1044.925	1142.59
1046.544	1047.98
1048.162	964.8
1049.781	897.23
1051.399	840.05
1053.017	789.1
1054.635	757.91
1056.253	717.37
1057.87	694.49
1059.488	657.07
1061.105	624.84
1062.722	606.12
1064.339	575.97
1065.956	546.86
1067.573	533.35
1069.19	513.59
1070.806	503.2
1072.423	476.16
1074.039	467.85
1075.655	449.13
1077.271	434.58
1078.887	416.9
1080.502	410.67
1082.118	400.27
1083.733	388.83
1085.348	378.44
1086.963	368.04
1088.578	350.37
1090.193	348.29
1091.808	330.61
1093.422	331.65
1095.037	309.82
1096.651	310.86
1098.265	295.26
1099.879	283.83
1101.493	277.59
1103.106	265.11
1104.72	255.76
1106.333	246.4
1107.946	237.04
1109.559	225.61
1111.172	222.49
1112.785	220.41
1114.398	210.01
1116.01	196.5
1117.622	191.3
1119.234	189.22
1120.846	180.9
1122.458	171.54
1124.07	163.23
1125.681	159.07
1127.293	153.87
1128.904	148.67
1130.515	139.31
1132.126	138.27
1133.737	127.88
1135.347	125.8
1136.958	123.72
1138.568	108.12
1140.178	108.12
1141.788	97.73
1143.398	95.65
1145.008	95.65
1146.617	89.41
1148.227	74.86
1149.836	83.17
1151.445	69.66
1153.054	66.54
1154.663	63.42
1156.271	60.3
1157.88	54.06
1159.488	50.94
1161.096	46.78
1162.704	48.86
1164.312	46.78
1165.92	41.59
1167.527	45.75
1169.134	45.75
1170.741	41.59
1172.348	42.63
1173.955	46.78
1175.562	41.59
1177.168	36.39
1178.775	42.63
1180.381	37.43
1181.987	35.35
1183.593	31.19
1185.199	37.43
1186.804	34.31
1188.409	35.35
1190.015	33.27
1191.62	31.19
1193.225	30.15
1194.829	31.19
1196.434	25.99
1198.038	33.27
1199.642	41.59
1201.246	33.27
1202.85	32.23
1204.454	35.35
1206.057	29.11
1207.661	30.15
1209.264	24.95
1210.867	27.03
1212.47	24.95
1214.073	22.87
1215.675	17.67
1217.277	34.31
1218.88	24.95
1220.482	29.11
1222.083	20.79
1223.685	23.91
1225.287	23.91
1226.888	16.63
1228.489	17.67
1230.09	24.95
1231.691	18.71
1233.292	21.83
1234.892	15.59
1236.492	21.83
1238.092	25.99
1239.692	20.79
1241.292	27.03
1242.892	17.67
1244.491	21.83
1246.09	18.71
1247.689	16.63
1249.288	21.83
1250.887	19.75
1252.485	18.71
1254.084	20.79
1255.682	20.79
1257.28	19.75
1258.878	19.75
1260.475	14.56
1262.073	22.87
1263.67	23.91
1265.267	22.87
1266.864	10.4
1268.461	12.48
1270.057	14.56
1271.654	22.87
1273.25	14.56
1274.846	14.56
1276.442	17.67
1278.037	16.63
1279.633	15.59
1281.228	13.52
1282.823	15.59
1284.418	12.48
1286.013	19.75
1287.608	16.63
1289.202	18.71
1290.796	16.63
1292.39	12.48
1293.984	18.71
1295.577	19.75
1297.171	12.48
1298.764	16.63
1300.357	10.4
1301.95	14.56
1303.543	16.63
1305.135	6.24
1306.728	14.56
1308.32	14.56
1309.912	14.56
1311.503	11.44
1313.095	17.67
1314.686	15.59
1316.277	17.67
1317.868	8.32
1319.459	10.4
1321.05	10.4
1322.64	19.75
1324.23	11.44
1325.82	15.59
1327.41	13.52
1329	12.48
1330.589	15.59
1332.179	8.32
1333.768	8.32
1335.357	16.63
1336.945	6.24
1338.534	8.32
1340.122	4.16
1341.71	13.52
1343.298	8.32
1344.886	10.4
1346.473	11.44
1348.06	6.24
1349.648	14.56
1351.234	6.24
1352.821	7.28
1354.408	9.36
1355.994	7.28
1357.58	10.4
1359.166	5.2
1360.752	6.24
1362.337	6.24
1363.923	14.56
1365.508	5.2
1367.093	6.24
1368.677	11.44
1370.262	8.32
1371.846	1.04
1373.43	6.24
1375.014	4.16
1376.598	7.28
1378.181	15.59
1379.765	5.2
1381.348	7.28
1382.931	5.2
1384.513	1.04
1386.096	8.32
1387.678	5.2
1389.26	8.32
1390.842	5.2
1392.424	-2.08
1394.005	-1.04
1395.586	6.24
1397.168	3.12
1398.748	-1.04
1400.329	12.48
1401.909	0
1403.49	10.4
1405.07	4.16
1406.649	14.56
1408.229	3.12
1409.808	6.24
1411.388	2.08
1412.967	4.16
1414.545	8.32
1416.124	3.12
1417.702	5.2
1419.28	4.16
1420.858	10.4
1422.436	0
1424.013	8.32
1425.591	2.08
1427.168	5.2
1428.745	7.28
1430.321	6.24
1431.898	4.16
1433.474	0
1435.05	6.24
1436.626	0
1438.201	6.24
1439.777	2.08
1441.352	6.24
1442.927	4.16
1444.501	7.28
1446.076	11.44
1447.65	8.32
1449.224	0
1450.798	8.32
1452.372	10.4
1453.945	13.52
1455.518	1.04
1457.091	10.4
1458.664	6.24
1460.236	-1.04
1461.809	8.32
1463.381	4.16
1464.953	-3.12
1466.524	9.36
1468.096	0
1469.667	9.36
1471.238	4.16
1472.809	4.16
1474.379	6.24
1475.949	7.28
1477.519	11.44
1479.089	5.2
1480.659	6.24
1482.228	5.2
1483.798	8.32
1485.366	9.36
1486.935	8.32
1488.504	13.52
1490.072	14.56
1491.64	7.28
1493.208	10.4
1494.776	18.71
1496.343	33.27
1497.91	45.75
1499.477	62.38
1501.044	70.7
1502.61	71.74
1504.176	68.62
1505.742	70.7
1507.308	50.94
1508.874	44.71
1510.439	27.03
1512.004	21.83
1513.569	14.56
1515.134	5.2
1516.698	16.63
1518.262	11.44
1519.826	13.52
1521.39	11.44
1522.953	10.4
1524.517	7.28
1526.08	6.24
1527.642	2.08
1529.205	5.2
1530.767	9.36
1532.329	8.32
1533.891	12.48
1535.453	9.36
1537.014	12.48
1538.575	9.36
1540.136	10.4
1541.697	9.36
1543.257	11.44
1544.817	12.48
1546.377	9.36
1547.937	7.28
1549.497	7.28
1551.056	5.2
1552.615	14.56
1554.174	8.32
1555.732	17.67
1557.29	6.24
1558.848	10.4
1560.406	7.28
1561.964	12.48
1563.521	12.48
1565.078	4.16
1566.635	7.28
1568.192	10.4
1569.748	6.24
1571.304	14.56
1572.86	12.48
1574.416	18.71
1575.971	11.44
1577.526	10.4
1579.081	10.4
1580.636	13.52
1582.19	12.48
1583.744	9.36
1585.298	5.2
1586.852	9.36
1588.405	12.48
1589.958	8.32
1591.511	8.32
1593.064	4.16
1594.616	13.52
1596.169	7.28
1597.721	13.52
1599.272	14.56
1600.824	9.36
1602.375	19.75
1603.926	20.79
1605.477	23.91
1607.027	27.03
1608.577	33.27
1610.127	30.15
1611.677	30.15
1613.226	34.31
1614.775	31.19
1616.324	36.39
1617.873	34.31
1619.422	34.31
1620.97	36.39
1622.518	35.35
1624.065	41.59
1625.613	38.47
1627.16	35.35
1628.707	41.59
1630.253	39.51
1631.8	46.78
1633.346	43.67
1634.892	40.55
1636.438	53.02
1637.983	48.86
1639.528	48.86
1641.073	44.71
1642.618	47.82
1644.162	47.82
1645.706	46.78
1647.25	47.82
1648.793	53.02
1650.337	54.06
1651.88	56.14
1653.423	58.22
1654.965	64.46
1656.507	62.38
1658.049	69.66
1659.591	70.7
1661.133	70.7
1662.674	77.97
1664.215	73.82
1665.756	72.78
1667.296	75.9
1668.836	81.09
1670.376	86.29
1671.916	82.13
1673.455	87.33
1674.994	95.65
1676.533	91.49
1678.072	94.61
1679.61	93.57
1681.148	97.73
1682.686	99.81
1684.224	102.93
1685.761	111.24
1687.298	111.24
1688.835	118.52
1690.371	120.6
1691.907	112.28
1693.443	116.44
1694.979	126.84
1696.514	128.92
1698.049	129.96
1699.584	132.04
1701.119	138.27
1702.653	142.43
1704.187	143.47
1705.721	141.39
1707.255	156.99
1708.788	158.03
1710.321	154.91
