898.735	1758.07
900.365	1788.22
901.994	1821.49
903.623	1850.6
905.253	1884.9
906.882	1912.98
908.511	1942.09
910.14	1962.88
911.768	1994.07
913.397	2030.46
915.026	2074.12
916.654	2121.95
918.282	2206.16
919.911	2282.05
921.539	2381.86
923.167	2471.27
924.795	2555.49
926.422	2618.9
928.05	2672.97
929.678	2707.28
931.305	2734.31
932.932	2733.27
934.56	2738.47
936.187	2728.07
937.814	2714.55
939.44	2696.88
941.067	2683.36
942.694	2668.81
944.32	2649.05
945.947	2626.18
947.573	2594.99
949.199	2553.41
950.825	2510.78
952.451	2442.16
954.077	2384.98
955.703	2309.09
957.328	2246.71
958.954	2161.45
960.579	2097
962.204	2025.26
963.829	1970.16
965.454	1903.62
967.079	1863.07
968.704	1828.76
970.329	1787.18
971.953	1773.66
973.578	1762.22
975.202	1755.99
976.826	1775.74
978.45	1781.98
980.074	1794.45
981.698	1794.45
983.321	1788.22
984.945	1761.18
986.568	1744.55
988.191	1696.73
989.815	1662.42
991.438	1631.23
993.061	1589.64
994.683	1551.17
996.306	1513.75
997.929	1488.79
999.551	1473.2
1001.173	1458.64
1002.795	1463.84
1004.417	1481.52
1006.039	1519.98
1007.661	1591.72
1009.283	1655.14
1010.904	1709.2
1012.526	1760.15
1014.147	1767.42
1015.768	1740.39
1017.389	1696.73
1019.01	1627.07
1020.63	1540.78
1022.251	1476.32
1023.871	1399.38
1025.492	1360.92
1027.112	1331.81
1028.732	1307.89
1030.352	1271.5
1031.972	1247.59
1033.591	1232
1035.211	1203.93
1036.83	1182.09
1038.45	1132.19
1040.069	1089.56
1041.688	1038.62
1043.307	981.44
1044.925	927.38
1046.544	873.31
1048.162	821.33
1049.781	779.75
1051.399	747.52
1053.017	715.29
1054.635	689.29
1056.253	659.14
1057.87	640.43
1059.488	621.72
1061.105	597.8
1062.722	580.13
1064.339	559.34
1065.956	534.39
1067.573	521.91
1069.19	506.31
1070.806	489.68
1072.423	474.09
1074.039	467.85
1075.655	449.13
1077.271	433.54
1078.887	414.82
1080.502	409.63
1082.118	396.11
1083.733	389.87
1085.348	375.32
1086.963	361.8
1088.578	356.6
1090.193	342.05
1091.808	330.61
1093.422	323.33
1095.037	304.62
1096.651	301.5
1098.265	296.3
1099.879	279.67
1101.493	270.31
1103.106	264.07
1104.72	259.92
1106.333	246.4
1107.946	241.2
1109.559	228.73
1111.172	218.33
1112.785	215.21
1114.398	208.97
1116.01	200.65
1117.622	192.34
1119.234	185.06
1120.846	175.7
1122.458	169.46
1124.07	163.23
1125.681	161.15
1127.293	150.75
1128.904	149.71
1130.515	141.39
1132.126	132.04
1133.737	127.88
1135.347	122.68
1136.958	119.56
1138.568	103.97
1140.178	98.77
1141.788	97.73
1143.398	94.61
1145.008	89.41
1146.617	82.13
1148.227	70.7
1149.836	70.7
1151.445	67.58
1153.054	63.42
1154.663	55.1
1156.271	50.94
1157.88	51.98
1159.488	47.82
1161.096	38.47
1162.704	46.78
1164.312	41.59
1165.92	44.71
1167.527	38.47
1169.134	42.63
1170.741	33.27
1172.348	39.51
1173.955	44.71
1175.562	39.51
1177.168	31.19
1178.775	41.59
1180.381	36.39
1181.987	35.35
1183.593	35.35
1185.199	40.55
1186.804	30.15
1188.409	35.35
1190.015	31.19
1191.62	32.23
1193.225	32.23
1194.829	31.19
1196.434	24.95
1198.038	32.23
1199.642	37.43
1201.246	34.31
1202.85	33.27
1204.454	31.19
1206.057	28.07
1207.661	28.07
1209.264	24.95
1210.867	25.99
1212.47	24.95
1214.073	27.03
1215.675	20.79
1217.277	33.27
1218.88	23.91
1220.482	28.07
1222.083	15.59
1223.685	24.95
1225.287	22.87
1226.888	15.59
1228.489	16.63
1230.09	24.95
1231.691	22.87
1233.292	19.75
1234.892	15.59
1236.492	23.91
1238.092	22.87
1239.692	21.83
1241.292	20.79
1242.892	15.59
1244.491	23.91
1246.09	18.71
1247.689	18.71
1249.288	16.63
1250.887	17.67
1252.485	22.87
1254.084	19.75
1255.682	16.63
1257.28	14.56
1258.878	12.48
1260.475	13.52
1262.073	21.83
1263.67	19.75
1265.267	18.71
1266.864	7.28
1268.461	13.52
1270.057	12.48
1271.654	18.71
1273.25	14.56
1274.846	17.67
1276.442	19.75
1278.037	16.63
1279.633	15.59
1281.228	9.36
1282.823	13.52
1284.418	12.48
1286.013	12.48
1287.608	17.67
1289.202	10.4
1290.796	12.48
1292.39	15.59
1293.984	16.63
1295.577	14.56
1297.171	11.44
1298.764	13.52
1300.357	10.4
1301.95	14.56
1303.543	14.56
1305.135	7.28
1306.728	12.48
1308.32	13.52
1309.912	14.56
1311.503	11.44
1313.095	15.59
1314.686	11.44
1316.277	11.44
1317.868	1.04
1319.459	5.2
1321.05	11.44
1322.64	14.56
1324.23	7.28
1325.82	8.32
1327.41	14.56
1329	10.4
1330.589	7.28
1332.179	10.4
1333.768	9.36
1335.357	9.36
1336.945	6.24
1338.534	9.36
1340.122	2.08
1341.71	5.2
1343.298	2.08
1344.886	11.44
1346.473	11.44
1348.06	6.24
1349.648	10.4
1351.234	6.24
1352.821	5.2
1354.408	1.04
1355.994	5.2
1357.58	8.32
1359.166	2.08
1360.752	6.24
1362.337	2.08
1363.923	16.63
1365.508	4.16
1367.093	4.16
1368.677	12.48
1370.262	7.28
1371.846	7.28
1373.43	2.08
1375.014	7.28
1376.598	4.16
1378.181	4.16
1379.765	3.12
1381.348	2.08
1382.931	5.2
1384.513	-2.08
1386.096	6.24
1387.678	5.2
1389.26	5.2
1390.842	6.24
1392.424	5.2
1394.005	2.08
1395.586	1.04
1397.168	-1.04
1398.748	-1.04
1400.329	2.08
1401.909	3.12
1403.49	6.24
1405.07	5.2
1406.649	11.44
1408.229	3.12
1409.808	2.08
1411.388	1.04
1412.967	3.12
1414.545	9.36
1416.124	10.4
1417.702	3.12
1419.28	2.08
1420.858	4.16
1422.436	1.04
1424.013	2.08
1425.591	-1.04
1427.168	10.4
1428.745	7.28
1430.321	1.04
1431.898	4.16
1433.474	4.16
1435.05	8.32
1436.626	3.12
1438.201	4.16
1439.777	2.08
1441.352	2.08
1442.927	4.16
1444.501	9.36
1446.076	4.16
1447.65	7.28
1449.224	3.12
1450.798	8.32
1452.372	8.32
1453.945	7.28
1455.518	2.08
1457.091	3.12
1458.664	6.24
1460.236	2.08
1461.809	8.32
1463.381	8.32
1464.953	6.24
1466.524	10.4
1468.096	7.28
1469.667	7.28
1471.238	6.24
1472.809	4.16
1474.379	7.28
1475.949	6.24
1477.519	12.48
1479.089	1.04
1480.659	4.16
1482.228	5.2
1483.798	14.56
1485.366	5.2
1486.935	8.32
1488.504	9.36
1490.072	13.52
1491.64	5.2
1493.208	11.44
1494.776	20.79
1496.343	37.43
1497.91	47.82
1499.477	64.46
1501.044	64.46
1502.61	69.66
1504.176	70.7
1505.742	65.5
1507.308	48.86
1508.874	38.47
1510.439	20.79
1512.004	23.91
1513.569	11.44
1515.134	3.12
1516.698	7.28
1518.262	11.44
1519.826	15.59
1521.39	7.28
1522.953	6.24
1524.517	7.28
1526.08	6.24
1527.642	8.32
1529.205	4.16
1530.767	11.44
1532.329	8.32
1533.891	6.24
1535.453	7.28
1537.014	6.24
1538.575	3.12
1540.136	9.36
1541.697	7.28
1543.257	8.32
1544.817	7.28
1546.377	5.2
1547.937	6.24
1549.497	6.24
1551.056	2.08
1552.615	10.4
1554.174	3.12
1555.732	9.36
1557.29	8.32
1558.848	15.59
1560.406	8.32
1561.964	12.48
1563.521	6.24
1565.078	11.44
1566.635	6.24
1568.192	5.2
1569.748	3.12
1571.304	10.4
1572.86	11.44
1574.416	14.56
1575.971	12.48
1577.526	6.24
1579.081	11.44
1580.636	14.56
1582.19	6.24
1583.744	9.36
1585.298	3.12
1586.852	11.44
1588.405	8.32
1589.958	8.32
1591.511	5.2
1593.064	6.24
1594.616	7.28
1596.169	11.44
1597.721	7.28
1599.272	14.56
1600.824	11.44
1602.375	23.91
1603.926	17.67
1605.477	20.79
1607.027	27.03
1608.577	29.11
1610.127	29.11
1611.677	30.15
1613.226	34.31
1614.775	33.27
1616.324	28.07
1617.873	29.11
1619.422	32.23
1620.97	36.39
1622.518	35.35
1624.065	40.55
1625.613	38.47
1627.16	33.27
1628.707	40.55
1630.253	33.27
1631.8	41.59
1633.346	41.59
1634.892	38.47
1636.438	55.1
1637.983	41.59
1639.528	46.78
1641.073	44.71
1642.618	45.75
1644.162	46.78
1645.706	47.82
1647.25	49.9
1648.793	54.06
1650.337	50.94
1651.88	56.14
1653.423	59.26
1654.965	64.46
1656.507	62.38
1658.049	69.66
1659.591	67.58
1661.133	65.5
1662.674	75.9
1664.215	65.5
1665.756	74.86
1667.296	81.09
1668.836	79.01
1670.376	79.01
1671.916	76.93
1673.455	85.25
1674.994	87.33
1676.533	89.41
1678.072	89.41
1679.61	86.29
1681.148	92.53
1682.686	98.77
1684.224	97.73
1685.761	105.01
1687.298	102.93
1688.835	106.05
1690.371	116.44
1691.907	106.05
1693.443	110.2
1694.979	119.56
1696.514	122.68
1698.049	126.84
1699.584	122.68
1701.119	127.88
1702.653	132.04
1704.187	128.92
1705.721	131
1707.255	150.75
1708.788	139.31
1710.321	144.51
