898.735	1790.3
900.365	1822.52
901.994	1857.87
903.623	1885.94
905.253	1916.09
906.882	1951.44
908.511	1981.59
910.14	1997.19
911.768	2033.58
913.397	2075.16
915.026	2112.59
916.654	2165.61
918.282	2247.75
919.911	2324.68
921.539	2429.69
923.167	2514.94
924.795	2604.35
926.422	2665.69
928.05	2722.87
929.678	2761.34
931.305	2781.09
932.932	2781.09
934.56	2791.49
936.187	2777.97
937.814	2765.5
939.44	2740.55
941.067	2739.51
942.694	2714.55
944.32	2701.04
945.947	2676.09
947.573	2642.82
949.199	2600.19
950.825	2544.05
952.451	2489.99
954.077	2427.61
955.703	2353.79
957.328	2288.29
958.954	2196.8
960.579	2141.7
962.204	2060.61
963.829	2011.74
965.454	1949.36
967.079	1893.22
968.704	1855.79
970.329	1825.64
971.953	1802.77
973.578	1799.65
975.202	1783.02
976.826	1809.01
978.45	1821.49
980.074	1825.64
981.698	1825.64
983.321	1823.56
984.945	1798.61
986.568	1776.78
988.191	1727.92
989.815	1696.73
991.438	1653.06
993.061	1619.79
994.683	1583.4
996.306	1544.94
997.929	1515.83
999.551	1498.15
1001.173	1491.91
1002.795	1497.11
1004.417	1514.79
1006.039	1554.29
1007.661	1622.91
1009.283	1690.49
1010.904	1745.59
1012.526	1792.37
1014.147	1801.73
1015.768	1775.74
1017.389	1732.07
1019.01	1658.26
1020.63	1570.93
1022.251	1505.43
1023.871	1431.61
1025.492	1381.71
1027.112	1359.88
1028.732	1334.92
1030.352	1295.42
1031.972	1270.47
1033.591	1256.95
1035.211	1230.96
1036.83	1203.93
1038.45	1159.22
1040.069	1110.36
1041.688	1059.41
1043.307	1012.63
1044.925	952.33
1046.544	889.95
1048.162	846.28
1049.781	799.5
1051.399	767.27
1053.017	725.68
1054.635	708.01
1056.253	673.7
1057.87	657.07
1059.488	637.31
1061.105	610.28
1062.722	596.77
1064.339	569.73
1065.956	552.06
1067.573	542.7
1069.19	521.91
1070.806	505.28
1072.423	489.68
1074.039	482.4
1075.655	463.69
1077.271	448.09
1078.887	427.3
1080.502	427.3
1082.118	408.59
1083.733	403.39
1085.348	386.75
1086.963	381.56
1088.578	364.92
1090.193	362.84
1091.808	344.13
1093.422	335.81
1095.037	323.33
1096.651	323.33
1098.265	307.74
1099.879	292.14
1101.493	285.91
1103.106	276.55
1104.72	267.19
1106.333	255.76
1107.946	251.6
1109.559	234.96
1111.172	232.88
1112.785	227.69
1114.398	221.45
1116.01	208.97
1117.622	200.65
1119.234	197.54
1120.846	193.38
1122.458	186.1
1124.07	173.62
1125.681	167.39
1127.293	165.31
1128.904	158.03
1130.515	153.87
1132.126	148.67
1133.737	136.2
1135.347	128.92
1136.958	129.96
1138.568	116.44
1140.178	110.2
1141.788	105.01
1143.398	102.93
1145.008	99.81
1146.617	86.29
1148.227	81.09
1149.836	81.09
1151.445	69.66
1153.054	70.7
1154.663	63.42
1156.271	66.54
1157.88	57.18
1159.488	57.18
1161.096	48.86
1162.704	53.02
1164.312	48.86
1165.92	51.98
1167.527	44.71
1169.134	45.75
1170.741	38.47
1172.348	45.75
1173.955	46.78
1175.562	50.94
1177.168	40.55
1178.775	47.82
1180.381	41.59
1181.987	39.51
1183.593	38.47
1185.199	34.31
1186.804	42.63
1188.409	37.43
1190.015	36.39
1191.62	36.39
1193.225	40.55
1194.829	33.27
1196.434	35.35
1198.038	38.47
1199.642	37.43
1201.246	37.43
1202.85	42.63
1204.454	33.27
1206.057	37.43
1207.661	39.51
1209.264	36.39
1210.867	32.23
1212.47	33.27
1214.073	33.27
1215.675	28.07
1217.277	35.35
1218.88	31.19
1220.482	31.19
1222.083	25.99
1223.685	31.19
1225.287	30.15
1226.888	18.71
1228.489	22.87
1230.09	29.11
1231.691	24.95
1233.292	20.79
1234.892	27.03
1236.492	24.95
1238.092	29.11
1239.692	30.15
1241.292	24.95
1242.892	22.87
1244.491	25.99
1246.09	23.91
1247.689	24.95
1249.288	23.91
1250.887	23.91
1252.485	20.79
1254.084	31.19
1255.682	23.91
1257.28	19.75
1258.878	16.63
1260.475	21.83
1262.073	19.75
1263.67	25.99
1265.267	25.99
1266.864	16.63
1268.461	16.63
1270.057	16.63
1271.654	27.03
1273.25	16.63
1274.846	24.95
1276.442	23.91
1278.037	18.71
1279.633	25.99
1281.228	18.71
1282.823	23.91
1284.418	18.71
1286.013	18.71
1287.608	24.95
1289.202	15.59
1290.796	19.75
1292.39	14.56
1293.984	20.79
1295.577	16.63
1297.171	23.91
1298.764	16.63
1300.357	13.52
1301.95	22.87
1303.543	21.83
1305.135	12.48
1306.728	22.87
1308.32	19.75
1309.912	23.91
1311.503	13.52
1313.095	18.71
1314.686	19.75
1316.277	20.79
1317.868	9.36
1319.459	8.32
1321.05	16.63
1322.64	17.67
1324.23	13.52
1325.82	15.59
1327.41	16.63
1329	16.63
1330.589	15.59
1332.179	12.48
1333.768	14.56
1335.357	17.67
1336.945	12.48
1338.534	14.56
1340.122	12.48
1341.71	13.52
1343.298	11.44
1344.886	14.56
1346.473	18.71
1348.06	9.36
1349.648	14.56
1351.234	14.56
1352.821	10.4
1354.408	6.24
1355.994	12.48
1357.58	14.56
1359.166	12.48
1360.752	12.48
1362.337	9.36
1363.923	19.75
1365.508	12.48
1367.093	12.48
1368.677	17.67
1370.262	16.63
1371.846	9.36
1373.43	14.56
1375.014	16.63
1376.598	8.32
1378.181	21.83
1379.765	12.48
1381.348	11.44
1382.931	13.52
1384.513	7.28
1386.096	14.56
1387.678	13.52
1389.26	12.48
1390.842	10.4
1392.424	8.32
1394.005	9.36
1395.586	12.48
1397.168	14.56
1398.748	6.24
1400.329	10.4
1401.909	9.36
1403.49	14.56
1405.07	10.4
1406.649	16.63
1408.229	11.44
1409.808	11.44
1411.388	4.16
1412.967	12.48
1414.545	21.83
1416.124	15.59
1417.702	12.48
1419.28	10.4
1420.858	20.79
1422.436	12.48
1424.013	16.63
1425.591	7.28
1427.168	10.4
1428.745	12.48
1430.321	6.24
1431.898	14.56
1433.474	17.67
1435.05	10.4
1436.626	10.4
1438.201	12.48
1439.777	11.44
1441.352	14.56
1442.927	13.52
1444.501	16.63
1446.076	10.4
1447.65	10.4
1449.224	9.36
1450.798	12.48
1452.372	12.48
1453.945	18.71
1455.518	13.52
1457.091	11.44
1458.664	12.48
1460.236	11.44
1461.809	11.44
1463.381	18.71
1464.953	8.32
1466.524	14.56
1468.096	3.12
1469.667	11.44
1471.238	20.79
1472.809	10.4
1474.379	11.44
1475.949	19.75
1477.519	19.75
1479.089	8.32
1480.659	10.4
1482.228	10.4
1483.798	17.67
1485.366	13.52
1486.935	13.52
1488.504	13.52
1490.072	20.79
1491.64	9.36
1493.208	14.56
1494.776	29.11
1496.343	41.59
1497.91	48.86
1499.477	67.58
1501.044	69.66
1502.61	65.5
1504.176	81.09
1505.742	67.58
1507.308	53.02
1508.874	42.63
1510.439	25.99
1512.004	25.99
1513.569	15.59
1515.134	9.36
1516.698	17.67
1518.262	20.79
1519.826	15.59
1521.39	13.52
1522.953	14.56
1524.517	10.4
1526.08	10.4
1527.642	5.2
1529.205	6.24
1530.767	12.48
1532.329	14.56
1533.891	13.52
1535.453	13.52
1537.014	14.56
1538.575	9.36
1540.136	15.59
1541.697	11.44
1543.257	12.48
1544.817	14.56
1546.377	11.44
1547.937	12.48
1549.497	15.59
1551.056	8.32
1552.615	16.63
1554.174	8.32
1555.732	17.67
1557.29	14.56
1558.848	17.67
1560.406	14.56
1561.964	14.56
1563.521	8.32
1565.078	16.63
1566.635	7.28
1568.192	14.56
1569.748	9.36
1571.304	14.56
1572.86	15.59
1574.416	22.87
1575.971	16.63
1577.526	9.36
1579.081	9.36
1580.636	18.71
1582.19	13.52
1583.744	13.52
1585.298	11.44
1586.852	13.52
1588.405	12.48
1589.958	16.63
1591.511	7.28
1593.064	12.48
1594.616	15.59
1596.169	12.48
1597.721	13.52
1599.272	17.67
1600.824	16.63
1602.375	25.99
1603.926	27.03
1605.477	27.03
1607.027	35.35
1608.577	33.27
1610.127	34.31
1611.677	36.39
1613.226	40.55
1614.775	40.55
1616.324	34.31
1617.873	40.55
1619.422	44.71
1620.97	42.63
1622.518	37.43
1624.065	44.71
1625.613	43.67
1627.16	39.51
1628.707	47.82
1630.253	44.71
1631.8	47.82
1633.346	46.78
1634.892	46.78
1636.438	58.22
1637.983	53.02
1639.528	51.98
1641.073	51.98
1642.618	48.86
1644.162	59.26
1645.706	62.38
1647.25	54.06
1648.793	56.14
1650.337	60.3
1651.88	62.38
1653.423	66.54
1654.965	71.74
1656.507	66.54
1658.049	71.74
1659.591	73.82
1661.133	76.93
1662.674	82.13
1664.215	79.01
1665.756	79.01
1667.296	82.13
1668.836	85.25
1670.376	84.21
1671.916	88.37
1673.455	92.53
1674.994	96.69
1676.533	93.57
1678.072	97.73
1679.61	95.65
1681.148	98.77
1682.686	101.89
1684.224	103.97
1685.761	113.32
1687.298	109.16
1688.835	118.52
1690.371	115.4
1691.907	116.44
1693.443	121.64
1694.979	131
1696.514	131
1698.049	134.12
1699.584	134.12
1701.119	140.35
1702.653	146.59
1704.187	140.35
1705.721	145.55
1707.255	156.99
1708.788	153.87
1710.321	154.91
