898.735	13132.99
900.365	13425.14
901.994	13715.2
903.623	13947.05
905.253	14211.12
906.882	14450.24
908.511	14689.36
910.14	14893.14
911.768	15115.62
913.397	15372.42
915.026	15650.01
916.654	15989.98
918.282	16470.3
919.911	17037.96
921.539	17723.09
923.167	18431.1
924.795	19164.06
926.422	19827.37
928.05	20408.54
929.678	20907.57
931.305	21270.41
932.932	21507.46
934.56	21661.33
936.187	21748.66
937.814	21827.67
939.44	21899.41
941.067	21954.51
942.694	22003.37
944.32	22038.72
945.947	22060.56
947.573	22022.09
949.199	21951.39
950.825	21805.84
952.451	21561.52
954.077	21220.51
955.703	20819.2
957.328	20398.14
958.954	19925.09
960.579	19531.06
962.204	19102.72
963.829	18726.37
965.454	18337.53
967.079	18046.43
968.704	17780.27
970.329	17577.54
971.953	17423.67
973.578	17355.05
975.202	17352.97
976.826	17467.34
978.45	17644.08
980.074	17766.76
981.698	17822.9
983.321	17747
984.945	17571.3
986.568	17314.51
988.191	16920.47
989.815	16466.14
991.438	15984.78
993.061	15604.26
994.683	15217.51
996.306	14860.91
997.929	14527.18
999.551	14242.31
1001.173	14094.68
1002.795	14019.82
1004.417	14090.52
1006.039	14366.03
1007.661	14843.23
1009.283	15432.72
1010.904	16100.18
1012.526	16669.92
1014.147	16947.51
1015.768	16902.8
1017.389	16498.37
1019.01	15769.57
1020.63	14852.59
1022.251	13862.83
1023.871	12947.93
1025.492	12184.82
1027.112	11670.19
1028.732	11261.6
1030.352	10916.44
1031.972	10600.38
1033.591	10370.61
1035.211	10137.73
1036.83	9878.85
1038.45	9564.88
1040.069	9187.48
1041.688	8774.73
1043.307	8307.93
1044.925	7808.89
1046.544	7306.73
1048.162	6848.24
1049.781	6439.66
1051.399	6116.32
1053.017	5833.54
1054.635	5586.1
1056.253	5353.21
1057.87	5147.36
1059.488	4931.11
1061.105	4739.81
1062.722	4564.11
1064.339	4396.72
1065.956	4231.42
1067.573	4093.14
1069.19	3953.83
1070.806	3830.11
1072.423	3702.23
1074.039	3598.27
1075.655	3500.54
1077.271	3391.37
1078.887	3292.6
1080.502	3207.35
1082.118	3124.18
1083.733	3029.57
1085.348	2936
1086.963	2853.87
1088.578	2776.93
1090.193	2689.6
1091.808	2615.79
1093.422	2546.13
1095.037	2470.23
1096.651	2396.42
1098.265	2319.48
1099.879	2246.71
1101.493	2180.17
1103.106	2109.47
1104.72	2040.85
1106.333	1984.71
1107.946	1917.13
1109.559	1859.95
1111.172	1803.81
1112.785	1742.47
1114.398	1689.45
1116.01	1636.43
1117.622	1579.24
1119.234	1532.46
1120.846	1485.67
1122.458	1437.85
1124.07	1401.46
1125.681	1344.28
1127.293	1300.62
1128.904	1254.87
1130.515	1215.36
1132.126	1169.62
1133.737	1134.27
1135.347	1089.56
1136.958	1046.94
1138.568	1020.95
1140.178	988.72
1141.788	956.49
1143.398	912.82
1145.008	882.67
1146.617	853.56
1148.227	826.53
1149.836	801.58
1151.445	754.79
1153.054	737.12
1154.663	704.89
1156.271	674.74
1157.88	651.87
1159.488	628.99
1161.096	603
1162.704	583.25
1164.312	569.73
1165.92	546.86
1167.527	531.27
1169.134	516.71
1170.741	492.8
1172.348	474.09
1173.955	459.53
1175.562	439.78
1177.168	420.02
1178.775	404.43
1180.381	389.87
1181.987	365.96
1183.593	363.88
1185.199	357.64
1186.804	333.73
1188.409	331.65
1190.015	311.9
1191.62	301.5
1193.225	292.14
1194.829	285.91
1196.434	280.71
1198.038	275.51
1199.642	266.15
1201.246	260.95
1202.85	250.56
1204.454	247.44
1206.057	237.04
1207.661	238.08
1209.264	231.84
1210.867	225.61
1212.47	211.05
1214.073	211.05
1215.675	211.05
1217.277	206.89
1218.88	196.5
1220.482	198.58
1222.083	191.3
1223.685	189.22
1225.287	180.9
1226.888	177.78
1228.489	179.86
1230.09	169.46
1231.691	168.43
1233.292	169.46
1234.892	164.27
1236.492	161.15
1238.092	158.03
1239.692	156.99
1241.292	153.87
1242.892	152.83
1244.491	146.59
1246.09	146.59
1247.689	142.43
1249.288	142.43
1250.887	127.88
1252.485	129.96
1254.084	134.12
1255.682	132.04
1257.28	119.56
1258.878	121.64
1260.475	117.48
1262.073	123.72
1263.67	115.4
1265.267	120.6
1266.864	106.05
1268.461	106.05
1270.057	102.93
1271.654	109.16
1273.25	97.73
1274.846	103.97
1276.442	108.12
1278.037	101.89
1279.633	97.73
1281.228	100.85
1282.823	96.69
1284.418	94.61
1286.013	88.37
1287.608	86.29
1289.202	91.49
1290.796	91.49
1292.39	82.13
1293.984	92.53
1295.577	84.21
1297.171	76.93
1298.764	77.97
1300.357	77.97
1301.95	74.86
1303.543	71.74
1305.135	70.7
1306.728	74.86
1308.32	72.78
1309.912	65.5
1311.503	72.78
1313.095	68.62
1314.686	67.58
1316.277	67.58
1317.868	63.42
1319.459	70.7
1321.05	57.18
1322.64	64.46
1324.23	64.46
1325.82	66.54
1327.41	54.06
1329	51.98
1330.589	50.94
1332.179	54.06
1333.768	45.75
1335.357	53.02
1336.945	44.71
1338.534	53.02
1340.122	48.86
1341.71	46.78
1343.298	40.55
1344.886	50.94
1346.473	48.86
1348.06	45.75
1349.648	49.9
1351.234	51.98
1352.821	46.78
1354.408	50.94
1355.994	47.82
1357.58	49.9
1359.166	47.82
1360.752	41.59
1362.337	41.59
1363.923	45.75
1365.508	41.59
1367.093	40.55
1368.677	37.43
1370.262	39.51
1371.846	43.67
1373.43	37.43
1375.014	34.31
1376.598	45.75
1378.181	35.35
1379.765	40.55
1381.348	36.39
1382.931	40.55
1384.513	44.71
1386.096	39.51
1387.678	37.43
1389.26	39.51
1390.842	29.11
1392.424	36.39
1394.005	29.11
1395.586	35.35
1397.168	28.07
1398.748	34.31
1400.329	34.31
1401.909	30.15
1403.49	33.27
1405.07	35.35
1406.649	32.23
1408.229	33.27
1409.808	32.23
1411.388	20.79
1412.967	28.07
1414.545	35.35
1416.124	23.91
1417.702	28.07
1419.28	32.23
1420.858	34.31
1422.436	37.43
1424.013	39.51
1425.591	29.11
1427.168	27.03
1428.745	35.35
1430.321	34.31
1431.898	23.91
1433.474	35.35
1435.05	31.19
1436.626	36.39
1438.201	30.15
1439.777	41.59
1441.352	40.55
1442.927	39.51
1444.501	41.59
1446.076	53.02
1447.65	51.98
1449.224	55.1
1450.798	64.46
1452.372	63.42
1453.945	68.62
1455.518	74.86
1457.091	79.01
1458.664	92.53
1460.236	106.05
1461.809	116.44
1463.381	134.12
1464.953	146.59
1466.524	168.43
1468.096	215.21
1469.667	275.51
1471.238	339.97
1472.809	423.14
1474.379	504.24
1475.949	569.73
1477.519	631.07
1479.089	668.5
1480.659	704.89
1482.228	715.29
1483.798	727.76
1485.366	743.36
1486.935	752.71
1488.504	777.67
1490.072	799.5
1491.64	810.94
1493.208	826.53
1494.776	826.53
1496.343	823.41
1497.91	814.05
1499.477	815.09
1501.044	813.01
1502.61	815.09
1504.176	810.94
1505.742	817.17
1507.308	805.74
1508.874	781.82
1510.439	767.27
1512.004	776.63
1513.569	826.53
1515.134	928.42
1516.698	1090.6
1518.262	1304.77
1519.826	1538.7
1521.39	1755.99
1522.953	1925.45
1524.517	2058.53
1526.08	2178.09
1527.642	2282.05
1529.205	2410.97
1530.767	2556.53
1532.329	2712.47
1533.891	2887.14
1535.453	3001.5
1537.014	3032.69
1538.575	3001.5
1540.136	2938.08
1541.697	2823.72
1543.257	2708.32
1544.817	2581.48
1546.377	2487.91
1547.937	2334.04
1549.497	2141.7
1551.056	1919.21
1552.615	1699.84
1554.174	1488.79
1555.732	1311.01
1557.29	1212.24
1558.848	1195.61
1560.406	1245.51
1561.964	1365.07
1563.521	1522.06
1565.078	1690.49
1566.635	1871.39
1568.192	2028.38
1569.748	2146.9
1571.304	2241.51
1572.86	2277.9
1574.416	2271.66
1575.971	2208.24
1577.526	2128.19
1579.081	2010.7
1580.636	1877.63
1582.19	1716.48
1583.744	1562.61
1585.298	1393.15
1586.852	1244.47
1588.405	1112.44
1589.958	1009.51
1591.511	915.94
1593.064	846.28
1594.616	791.18
1596.169	746.48
1597.721	715.29
1599.272	691.37
1600.824	685.14
1602.375	701.77
1603.926	728.8
1605.477	768.31
1607.027	823.41
1608.577	881.63
1610.127	934.65
1611.677	999.11
1613.226	1045.9
1614.775	1103.08
1616.324	1140.51
1617.873	1157.14
1619.422	1164.42
1620.97	1148.82
1622.518	1122.83
1624.065	1102.04
1625.613	1056.3
1627.16	1019.91
1628.707	978.32
1630.253	959.61
1631.8	927.38
1633.346	888.91
1634.892	851.48
1636.438	805.74
1637.983	750.63
1639.528	702.81
1641.073	657.07
1642.618	613.4
1644.162	579.09
1645.706	555.18
1647.25	536.46
1648.793	521.91
1650.337	499.04
1651.88	500.08
1653.423	495.92
1654.965	482.4
1656.507	491.76
1658.049	496.96
1659.591	494.88
1661.133	502.16
1662.674	512.55
1664.215	525.03
1665.756	536.46
1667.296	541.66
1668.836	562.46
1670.376	575.97
1671.916	588.45
1673.455	600.92
1674.994	615.48
1676.533	636.27
1678.072	645.63
1679.61	674.74
1681.148	678.9
1682.686	701.77
1684.224	715.29
1685.761	739.2
1687.298	752.71
1688.835	780.79
1690.371	789.1
1691.907	814.05
1693.443	834.85
1694.979	861.88
1696.514	874.35
1698.049	902.43
1699.584	922.18
1701.119	942.97
1702.653	971.04
1704.187	991.84
1705.721	1014.71
1707.255	1044.86
1708.788	1063.57
1710.321	1096.84
