898.735	13977.2
900.365	14279.74
901.994	14555.25
903.623	14782.93
905.253	15045.97
906.882	15257.02
908.511	15497.18
910.14	15678.08
911.768	15886.01
913.397	16117.86
915.026	16392.33
916.654	16717.74
918.282	17199.1
919.911	17776.12
921.539	18463.33
923.167	19155.74
924.795	19890.78
926.422	20559.29
928.05	21137.34
929.678	21623.9
931.305	22000.26
932.932	22242.5
934.56	22368.3
936.187	22492.02
937.814	22600.14
939.44	22729.06
941.067	22868.37
942.694	23004.57
944.32	23187.55
945.947	23355.97
947.573	23481.77
949.199	23504.64
950.825	23404.84
952.451	23150.12
954.077	22761.29
955.703	22247.7
957.328	21703.95
958.954	21088.47
960.579	20610.23
962.204	20123.67
963.829	19776.42
965.454	19442.69
967.079	19236.84
968.704	19048.66
970.329	18962.37
971.953	18979
973.578	19201.49
975.202	19638.15
976.826	20367.99
978.45	21296.41
980.074	22110.46
981.698	22682.27
983.321	22927.63
984.945	22852.78
986.568	22533.6
988.191	21835.99
989.815	20929.41
991.438	20067.53
993.061	19435.41
994.683	18841.77
996.306	18330.25
997.929	17907.11
999.551	17629.52
1001.173	17608.73
1002.795	17891.52
1004.417	18563.14
1006.039	19785.78
1007.661	21578.15
1009.283	23827.98
1010.904	26236.87
1012.526	28252.77
1014.147	29410.96
1015.768	29572.1
1017.389	28734.14
1019.01	26990.63
1020.63	24633.72
1022.251	22126.05
1023.871	19946.93
1025.492	18342.73
1027.112	17363.37
1028.732	16660.56
1030.352	16142.81
1031.972	15729.02
1033.591	15465.99
1035.211	15190.48
1036.83	14827.64
1038.45	14311.97
1040.069	13614.35
1041.688	12791.98
1043.307	11819.9
1044.925	10763.61
1046.544	9697.95
1048.162	8740.43
1049.781	7992.91
1051.399	7415.9
1053.017	6950.13
1054.635	6554.02
1056.253	6194.3
1057.87	5853.29
1059.488	5524.76
1061.105	5214.94
1062.722	4931.11
1064.339	4681.59
1065.956	4438.31
1067.573	4239.74
1069.19	4052.6
1070.806	3894.57
1072.423	3746.94
1074.039	3630.49
1075.655	3514.05
1077.271	3400.73
1078.887	3299.88
1080.502	3213.59
1082.118	3126.26
1083.733	3023.33
1085.348	2938.08
1086.963	2841.39
1088.578	2764.46
1090.193	2678.17
1091.808	2605.39
1093.422	2528.45
1095.037	2452.56
1096.651	2376.66
1098.265	2294.53
1099.879	2219.68
1101.493	2141.7
1103.106	2076.2
1104.72	2001.35
1106.333	1935.85
1107.946	1872.43
1109.559	1815.25
1111.172	1759.11
1112.785	1698.81
1114.398	1650.98
1116.01	1594.84
1117.622	1548.05
1119.234	1497.11
1120.846	1448.25
1122.458	1406.66
1124.07	1357.8
1125.681	1307.89
1127.293	1263.19
1128.904	1215.36
1130.515	1171.7
1132.126	1123.87
1133.737	1088.52
1135.347	1056.3
1136.958	1015.75
1138.568	986.64
1140.178	951.29
1141.788	926.34
1143.398	887.87
1145.008	861.88
1146.617	835.89
1148.227	808.86
1149.836	781.82
1151.445	744.4
1153.054	722.56
1154.663	685.14
1156.271	664.34
1157.88	640.43
1159.488	620.68
1161.096	592.61
1162.704	574.93
1164.312	557.26
1165.92	543.74
1167.527	525.03
1169.134	504.24
1170.741	483.44
1172.348	468.89
1173.955	457.45
1175.562	431.46
1177.168	420.02
1178.775	402.35
1180.381	388.83
1181.987	372.2
1183.593	363.88
1185.199	351.41
1186.804	338.93
1188.409	329.57
1190.015	307.74
1191.62	301.5
1193.225	292.14
1194.829	284.87
1196.434	273.43
1198.038	273.43
1199.642	257.84
1201.246	260.95
1202.85	253.68
1204.454	247.44
1206.057	239.12
1207.661	238.08
1209.264	228.73
1210.867	220.41
1212.47	216.25
1214.073	206.89
1215.675	208.97
1217.277	202.73
1218.88	192.34
1220.482	192.34
1222.083	184.02
1223.685	180.9
1225.287	184.02
1226.888	174.66
1228.489	168.43
1230.09	165.31
1231.691	166.35
1233.292	165.31
1234.892	162.19
1236.492	159.07
1238.092	150.75
1239.692	154.91
1241.292	147.63
1242.892	148.67
1244.491	144.51
1246.09	143.47
1247.689	135.16
1249.288	138.27
1250.887	131
1252.485	127.88
1254.084	132.04
1255.682	127.88
1257.28	123.72
1258.878	123.72
1260.475	117.48
1262.073	119.56
1263.67	117.48
1265.267	121.64
1266.864	108.12
1268.461	112.28
1270.057	105.01
1271.654	111.24
1273.25	101.89
1274.846	103.97
1276.442	103.97
1278.037	110.2
1279.633	96.69
1281.228	100.85
1282.823	100.85
1284.418	96.69
1286.013	89.41
1287.608	90.45
1289.202	93.57
1290.796	91.49
1292.39	86.29
1293.984	91.49
1295.577	87.33
1297.171	75.9
1298.764	82.13
1300.357	85.25
1301.95	83.17
1303.543	73.82
1305.135	76.93
1306.728	80.05
1308.32	74.86
1309.912	74.86
1311.503	70.7
1313.095	70.7
1314.686	65.5
1316.277	74.86
1317.868	65.5
1319.459	72.78
1321.05	63.42
1322.64	64.46
1324.23	65.5
1325.82	65.5
1327.41	58.22
1329	61.34
1330.589	59.26
1332.179	57.18
1333.768	60.3
1335.357	56.14
1336.945	54.06
1338.534	58.22
1340.122	59.26
1341.71	54.06
1343.298	51.98
1344.886	47.82
1346.473	55.1
1348.06	46.78
1349.648	46.78
1351.234	50.94
1352.821	50.94
1354.408	54.06
1355.994	44.71
1357.58	57.18
1359.166	43.67
1360.752	44.71
1362.337	38.47
1363.923	43.67
1365.508	45.75
1367.093	45.75
1368.677	42.63
1370.262	43.67
1371.846	45.75
1373.43	43.67
1375.014	46.78
1376.598	47.82
1378.181	43.67
1379.765	44.71
1381.348	38.47
1382.931	38.47
1384.513	47.82
1386.096	40.55
1387.678	32.23
1389.26	40.55
1390.842	37.43
1392.424	36.39
1394.005	28.07
1395.586	40.55
1397.168	31.19
1398.748	38.47
1400.329	35.35
1401.909	29.11
1403.49	39.51
1405.07	33.27
1406.649	29.11
1408.229	33.27
1409.808	32.23
1411.388	28.07
1412.967	33.27
1414.545	33.27
1416.124	29.11
1417.702	29.11
1419.28	37.43
1420.858	40.55
1422.436	41.59
1424.013	32.23
1425.591	30.15
1427.168	32.23
1428.745	39.51
1430.321	33.27
1431.898	33.27
1433.474	37.43
1435.05	30.15
1436.626	33.27
1438.201	36.39
1439.777	47.82
1441.352	36.39
1442.927	42.63
1444.501	40.55
1446.076	43.67
1447.65	48.86
1449.224	54.06
1450.798	55.1
1452.372	58.22
1453.945	71.74
1455.518	65.5
1457.091	79.01
1458.664	82.13
1460.236	91.49
1461.809	103.97
1463.381	112.28
1464.953	125.8
1466.524	155.95
1468.096	194.42
1469.667	243.28
1471.238	301.5
1472.809	376.36
1474.379	441.86
1475.949	488.64
1477.519	542.7
1479.089	574.93
1480.659	588.45
1482.228	603
1483.798	603
1485.366	610.28
1486.935	622.76
1488.504	633.15
1490.072	649.79
1491.64	658.11
1493.208	662.26
1494.776	656.03
1496.343	657.07
1497.91	639.39
1499.477	643.55
1501.044	639.39
1502.61	643.55
1504.176	638.35
1505.742	649.79
1507.308	636.27
1508.874	627.95
1510.439	618.6
1512.004	623.8
1513.569	674.74
1515.134	761.03
1516.698	899.31
1518.262	1090.6
1519.826	1294.38
1521.39	1472.16
1522.953	1616.67
1524.517	1727.92
1526.08	1814.21
1527.642	1903.62
1529.205	2005.51
1530.767	2131.3
1532.329	2270.62
1533.891	2410.97
1535.453	2502.46
1537.014	2523.26
1538.575	2498.3
1540.136	2428.65
1541.697	2330.92
1543.257	2233.19
1544.817	2128.19
1546.377	2051.25
1547.937	1921.29
1549.497	1764.3
1551.056	1586.52
1552.615	1397.3
1554.174	1213.28
1555.732	1063.57
1557.29	970
1558.848	950.25
1560.406	988.72
1561.964	1071.89
1563.521	1202.89
1565.078	1339.08
1566.635	1474.24
1568.192	1591.72
1569.748	1688.41
1571.304	1764.3
1572.86	1780.94
1574.416	1776.78
1575.971	1725.84
1577.526	1670.73
1579.081	1587.56
1580.636	1477.36
1582.19	1366.11
1583.744	1246.55
1585.298	1111.4
1586.852	999.11
1588.405	900.35
1589.958	814.05
1591.511	743.36
1593.064	698.65
1594.616	646.67
1596.169	625.88
1597.721	595.73
1599.272	577.01
1600.824	585.33
1602.375	603
1603.926	637.31
1605.477	678.9
1607.027	735.04
1608.577	797.42
1610.127	856.68
1611.677	926.34
1613.226	980.4
1614.775	1039.66
1616.324	1084.37
1617.873	1113.48
1619.422	1126.99
1620.97	1114.52
1622.518	1104.12
1624.065	1079.17
1625.613	1034.46
1627.16	1002.23
1628.707	963.77
1630.253	951.29
1631.8	911.78
1633.346	885.79
1634.892	845.24
1636.438	801.58
1637.983	749.6
1639.528	695.53
1641.073	648.75
1642.618	603
1644.162	565.58
1645.706	538.54
1647.25	521.91
1648.793	501.12
1650.337	489.68
1651.88	487.6
1653.423	479.28
1654.965	474.09
1656.507	479.28
1658.049	486.56
1659.591	488.64
1661.133	491.76
1662.674	502.16
1664.215	512.55
1665.756	527.11
1667.296	541.66
1668.836	560.38
1670.376	575.97
1671.916	587.41
1673.455	604.04
1674.994	622.76
1676.533	643.55
1678.072	659.14
1679.61	678.9
1681.148	698.65
1682.686	719.45
1684.224	738.16
1685.761	759.99
1687.298	774.55
1688.835	805.74
1690.371	816.13
1691.907	843.16
1693.443	867.08
1694.979	895.15
1696.514	924.26
1698.049	941.93
1699.584	970
1701.119	990.8
1702.653	1027.18
1704.187	1043.82
1705.721	1072.93
1707.255	1101
1708.788	1126.99
1710.321	1157.14
