898.735	16039.88
900.365	16406.88
901.994	16697.99
903.623	16995.33
905.253	17328.02
906.882	17590.02
908.511	17873.84
910.14	18089.05
911.768	18383.28
913.397	18723.25
915.026	19095.44
916.654	19576.81
918.282	20244.27
919.911	20961.64
921.539	21895.25
923.167	22669.8
924.795	23519.2
926.422	24190.82
928.05	24724.17
929.678	25111.96
931.305	25372.91
932.932	25465.44
934.56	25495.59
936.187	25415.54
937.814	25355.24
939.44	25294.94
941.067	25182.66
942.694	25097.4
944.32	24953.93
945.947	24806.3
947.573	24613.96
949.199	24245.92
950.825	23879.96
952.451	23273.84
954.077	22651.08
955.703	21847.43
957.328	21156.05
958.954	20323.28
960.579	19657.9
962.204	18943.65
963.829	18385.36
965.454	17782.35
967.079	17369.61
968.704	16981.81
970.329	16732.3
971.953	16588.82
973.578	16551.4
975.202	16708.38
976.826	17010.93
978.45	17336.34
980.074	17587.94
981.698	17728.29
983.321	17731.41
984.945	17575.46
986.568	17329.06
988.191	16896.56
989.815	16426.64
991.438	16002.45
993.061	15673.92
994.683	15344.35
996.306	15045.97
997.929	14812.04
999.551	14685.2
1001.173	14676.89
1002.795	14844.27
1004.417	15216.47
1006.039	15897.45
1007.661	16858.1
1009.283	18048.51
1010.904	19217.08
1012.526	20131.99
1014.147	20566.56
1015.768	20506.26
1017.389	19924.05
1019.01	18984.2
1020.63	17734.53
1022.251	16520.21
1023.871	15494.06
1025.492	14740.31
1027.112	14204.88
1028.732	13826.45
1030.352	13499.99
1031.972	13276.46
1033.591	13116.36
1035.211	12941.69
1036.83	12628.76
1038.45	12262.8
1040.069	11755.44
1041.688	11171.15
1043.307	10481.86
1044.925	9790.48
1046.544	9076.24
1048.162	8439.96
1049.781	7957.56
1051.399	7522.98
1053.017	7139.35
1054.635	6836.81
1056.253	6559.22
1057.87	6280.59
1059.488	5999.88
1061.105	5764.92
1062.722	5518.52
1064.339	5326.18
1065.956	5106.81
1067.573	4934.23
1069.19	4755.41
1070.806	4609.85
1072.423	4459.1
1074.039	4320.83
1075.655	4192.95
1077.271	4067.15
1078.887	3953.83
1080.502	3836.35
1082.118	3726.14
1083.733	3620.1
1085.348	3506.77
1086.963	3399.69
1088.578	3285.33
1090.193	3189.68
1091.808	3075.32
1093.422	2999.42
1095.037	2877.78
1096.651	2796.69
1098.265	2694.8
1099.879	2604.35
1101.493	2514.94
1103.106	2426.57
1104.72	2326.76
1106.333	2244.63
1107.946	2146.9
1109.559	2112.59
1111.172	2009.66
1112.785	1937.93
1114.398	1870.35
1116.01	1815.25
1117.622	1733.11
1119.234	1656.18
1120.846	1626.03
1122.458	1559.49
1124.07	1473.2
1125.681	1426.41
1127.293	1359.88
1128.904	1309.97
1130.515	1245.51
1132.126	1183.13
1133.737	1139.47
1135.347	1068.77
1136.958	1033.42
1138.568	948.17
1140.178	908.66
1141.788	844.2
1143.398	799.5
1145.008	717.37
1146.617	698.65
1148.227	654.99
1149.836	558.3
1151.445	548.94
1153.054	501.12
1154.663	452.25
1156.271	438.74
1157.88	409.63
1159.488	372.2
1161.096	353.48
1162.704	328.53
1164.312	327.49
1165.92	307.74
1167.527	304.62
1169.134	296.3
1170.741	296.3
1172.348	246.4
1173.955	284.87
1175.562	223.53
1177.168	263.03
1178.775	224.57
1180.381	237.04
1181.987	228.73
1183.593	203.77
1185.199	203.77
1186.804	195.46
1188.409	199.61
1190.015	188.18
1191.62	191.3
1193.225	179.86
1194.829	181.94
1196.434	169.46
1198.038	144.51
1199.642	164.27
1201.246	161.15
1202.85	181.94
1204.454	134.12
1206.057	150.75
1207.661	155.95
1209.264	126.84
1210.867	116.44
1212.47	136.2
1214.073	118.52
1215.675	123.72
1217.277	98.77
1218.88	127.88
1220.482	118.52
1222.083	102.93
1223.685	89.41
1225.287	103.97
1226.888	102.93
1228.489	112.28
1230.09	85.25
1231.691	119.56
1233.292	79.01
1234.892	85.25
1236.492	92.53
1238.092	66.54
1239.692	89.41
1241.292	73.82
1242.892	69.66
1244.491	93.57
1246.09	70.7
1247.689	80.05
1249.288	51.98
1250.887	84.21
1252.485	81.09
1254.084	62.38
1255.682	58.22
1257.28	88.37
1258.878	55.1
1260.475	62.38
1262.073	54.06
1263.67	61.34
1265.267	59.26
1266.864	51.98
1268.461	45.75
1270.057	59.26
1271.654	21.83
1273.25	47.82
1274.846	32.23
1276.442	40.55
1278.037	27.03
1279.633	46.78
1281.228	49.9
1282.823	28.07
1284.418	58.22
1286.013	13.52
1287.608	19.75
1289.202	21.83
1290.796	24.95
1292.39	37.43
1293.984	20.79
1295.577	31.19
1297.171	21.83
1298.764	23.91
1300.357	22.87
1301.95	19.75
1303.543	2.08
1305.135	39.51
1306.728	-5.2
1308.32	7.28
1309.912	12.48
1311.503	0
1313.095	4.16
1314.686	3.12
1316.277	-2.08
1317.868	23.91
1319.459	-15.59
1321.05	30.15
1322.64	-24.95
1324.23	17.67
1325.82	-8.32
1327.41	15.59
1329	-22.87
1330.589	3.12
1332.179	-11.44
1333.768	-15.59
1335.357	13.52
1336.945	-4.16
1338.534	-24.95
1340.122	12.48
1341.71	-23.91
1343.298	-17.67
1344.886	-17.67
1346.473	-13.52
1348.06	0
1349.648	-16.63
1351.234	-29.11
1352.821	-17.67
1354.408	-7.28
1355.994	-2.08
1357.58	-21.83
1359.166	-7.28
1360.752	-35.35
1362.337	-4.16
1363.923	-16.63
1365.508	-5.2
1367.093	-29.11
1368.677	9.36
1370.262	-31.19
1371.846	-11.44
1373.43	-21.83
1375.014	-3.12
1376.598	-14.56
1378.181	-31.19
1379.765	-34.31
1381.348	-11.44
1382.931	-34.31
1384.513	-1.04
1386.096	-50.94
1387.678	-7.28
1389.26	-24.95
1390.842	-20.79
1392.424	-3.12
1394.005	-35.35
1395.586	-31.19
1397.168	-15.59
1398.748	-27.03
1400.329	-22.87
1401.909	-4.16
1403.49	-33.27
1405.07	-17.67
1406.649	-32.23
1408.229	-30.15
1409.808	-9.36
1411.388	-48.86
1412.967	-7.28
1414.545	-6.24
1416.124	-12.48
1417.702	-8.32
1419.28	-41.59
1420.858	-20.79
1422.436	-16.63
1424.013	-45.75
1425.591	-1.04
1427.168	-31.19
1428.745	-21.83
1430.321	-30.15
1431.898	-7.28
1433.474	-31.19
1435.05	-37.43
1436.626	-28.07
1438.201	-5.2
1439.777	-37.43
1441.352	-34.31
1442.927	-14.56
1444.501	-36.39
1446.076	-16.63
1447.65	-24.95
1449.224	-30.15
1450.798	-19.75
1452.372	-21.83
1453.945	-33.27
1455.518	-18.71
1457.091	-10.4
1458.664	-42.63
1460.236	-14.56
1461.809	-47.82
1463.381	-13.52
1464.953	-28.07
1466.524	-31.19
1468.096	-8.32
1469.667	-30.15
1471.238	-22.87
1472.809	-29.11
1474.379	-30.15
1475.949	0
1477.519	-44.71
1479.089	-4.16
1480.659	-19.75
1482.228	-32.23
1483.798	-36.39
1485.366	-5.2
1486.935	-24.95
1488.504	-38.47
1490.072	-24.95
1491.64	-11.44
1493.208	-39.51
1494.776	-19.75
1496.343	-29.11
1497.91	-5.2
1499.477	-4.16
1501.044	-28.07
1502.61	-1.04
1504.176	49.9
1505.742	40.55
1507.308	88.37
1508.874	135.16
1510.439	120.6
1512.004	97.73
1513.569	91.49
1515.134	80.05
1516.698	30.15
1518.262	9.36
1519.826	-7.28
1521.39	-21.83
1522.953	-10.4
1524.517	-40.55
1526.08	-14.56
1527.642	-12.48
1529.205	-18.71
1530.767	-55.1
1532.329	0
1533.891	-47.82
1535.453	-13.52
1537.014	-38.47
1538.575	-28.07
1540.136	-17.67
1541.697	-19.75
1543.257	-58.22
1544.817	6.24
1546.377	-49.9
1547.937	-12.48
1549.497	-46.78
1551.056	-34.31
1552.615	-19.75
1554.174	-20.79
1555.732	-35.35
1557.29	-20.79
1558.848	-28.07
1560.406	-11.44
1561.964	-45.75
1563.521	-32.23
1565.078	-20.79
1566.635	-43.67
1568.192	-47.82
1569.748	14.56
1571.304	-31.19
1572.86	-28.07
1574.416	-18.71
1575.971	-19.75
1577.526	-36.39
1579.081	-9.36
1580.636	-22.87
1582.19	-25.99
1583.744	-31.19
1585.298	-11.44
1586.852	-10.4
1588.405	-39.51
1589.958	-29.11
1591.511	-3.12
1593.064	-32.23
1594.616	-20.79
1596.169	-27.03
1597.721	-1.04
1599.272	6.24
1600.824	32.23
1602.375	30.15
1603.926	51.98
1605.477	66.54
1607.027	94.61
1608.577	114.36
1610.127	136.2
1611.677	115.4
1613.226	159.07
1614.775	163.23
1616.324	149.71
1617.873	168.43
1619.422	181.94
1620.97	186.1
1622.518	200.65
1624.065	173.62
1625.613	223.53
1627.16	214.17
1628.707	234.96
1630.253	238.08
1631.8	252.64
1633.346	270.31
1634.892	269.27
1636.438	285.91
1637.983	290.07
1639.528	285.91
1641.073	346.21
1642.618	324.37
1644.162	348.29
1645.706	362.84
1647.25	360.76
1648.793	380.52
1650.337	407.55
1651.88	386.75
1653.423	437.7
1654.965	423.14
1656.507	480.32
1658.049	448.09
1659.591	492.8
1661.133	510.47
1662.674	512.55
1664.215	540.62
1665.756	578.05
1667.296	574.93
1668.836	593.65
1670.376	598.84
1671.916	643.55
1673.455	648.75
1674.994	674.74
1676.533	689.29
1678.072	732.96
1679.61	735.04
1681.148	757.91
1682.686	768.31
1684.224	822.37
1685.761	826.53
1687.298	857.72
1688.835	860.84
1690.371	909.7
1691.907	924.26
1693.443	960.65
1694.979	968.96
1696.514	1009.51
1698.049	1046.94
1699.584	1060.45
1701.119	1089.56
1702.653	1112.44
1704.187	1156.1
1705.721	1176.9
1707.255	1194.57
1708.788	1249.67
1710.321	1261.11
