898.735	16197.91
900.365	16553.47
901.994	16841.46
903.623	17136.72
905.253	17455.9
906.882	17712.7
908.511	17990.29
910.14	18198.22
911.768	18486.2
913.397	18801.22
915.026	19161.98
916.654	19627.75
918.282	20271.3
919.911	20977.23
921.539	21898.37
923.167	22665.64
924.795	23509.84
926.422	24201.22
928.05	24738.72
929.678	25143.15
931.305	25434.25
932.932	25560.05
934.56	25634.91
936.187	25586.05
937.814	25578.77
939.44	25557.97
941.067	25513.27
942.694	25508.07
944.32	25469.6
945.947	25416.58
947.573	25308.46
949.199	25005.91
950.825	24663.87
952.451	24066.06
954.077	23416.27
955.703	22555.43
957.328	21815.2
958.954	20942.92
960.579	20241.15
962.204	19526.9
963.829	18980.04
965.454	18406.15
967.079	18031.87
968.704	17685.66
970.329	17487.09
971.953	17420.55
973.578	17501.64
975.202	17850.97
976.826	18412.39
978.45	19030.99
980.074	19510.27
981.698	19812.81
983.321	19901.18
984.945	19748.35
986.568	19430.22
988.191	18864.64
989.815	18224.21
991.438	17647.2
993.061	17208.46
994.683	16807.15
996.306	16444.31
997.929	16178.16
999.551	16053.4
1001.173	16112.66
1002.795	16429.75
1004.417	17061.87
1006.039	18165.99
1007.661	19696.37
1009.283	21578.15
1010.904	23428.75
1012.526	24898.83
1014.147	25607.88
1015.768	25537.18
1017.389	24722.09
1019.01	23311.27
1020.63	21528.25
1022.251	19747.31
1023.871	18280.35
1025.492	17230.29
1027.112	16555.55
1028.732	16080.43
1030.352	15695.75
1031.972	15448.32
1033.591	15291.33
1035.211	15109.39
1036.83	14761.1
1038.45	14302.61
1040.069	13638.27
1041.688	12853.32
1043.307	11934.26
1044.925	10995.45
1046.544	10035.84
1048.162	9197.88
1049.781	8553.29
1051.399	8020.98
1053.017	7556.25
1054.635	7189.25
1056.253	6859.68
1057.87	6525.95
1059.488	6182.86
1061.105	5904.23
1062.722	5616.25
1064.339	5386.48
1065.956	5139.04
1067.573	4936.31
1069.19	4741.89
1070.806	4594.26
1072.423	4426.87
1074.039	4293.8
1075.655	4160.72
1077.271	4035.96
1078.887	3920.56
1080.502	3809.32
1082.118	3698.07
1083.733	3590.99
1085.348	3472.47
1086.963	3365.38
1088.578	3255.18
1090.193	3160.57
1091.808	3045.17
1093.422	2981.75
1095.037	2854.91
1096.651	2774.85
1098.265	2668.81
1099.879	2583.56
1101.493	2483.75
1103.106	2394.34
1104.72	2300.77
1106.333	2217.6
1107.946	2116.75
1109.559	2082.44
1111.172	1987.83
1112.785	1915.05
1114.398	1849.56
1116.01	1798.61
1117.622	1710.24
1119.234	1637.47
1120.846	1609.39
1122.458	1545.98
1124.07	1454.49
1125.681	1413.94
1127.293	1341.16
1128.904	1296.46
1130.515	1238.24
1132.126	1180.01
1133.737	1130.11
1135.347	1068.77
1136.958	1032.38
1138.568	949.21
1140.178	906.58
1141.788	848.36
1143.398	814.05
1145.008	730.88
1146.617	712.17
1148.227	668.5
1149.836	574.93
1151.445	561.42
1153.054	517.75
1154.663	469.93
1156.271	458.49
1157.88	418.98
1159.488	384.67
1161.096	363.88
1162.704	339.97
1164.312	343.09
1165.92	317.1
1167.527	317.1
1169.134	305.66
1170.741	307.74
1172.348	256.8
1173.955	295.26
1175.562	225.61
1177.168	263.03
1178.775	226.65
1180.381	233.92
1181.987	228.73
1183.593	200.65
1185.199	204.81
1186.804	202.73
1188.409	199.61
1190.015	182.98
1191.62	190.26
1193.225	182.98
1194.829	181.94
1196.434	162.19
1198.038	141.39
1199.642	163.23
1201.246	151.79
1202.85	176.74
1204.454	134.12
1206.057	145.55
1207.661	151.79
1209.264	128.92
1210.867	117.48
1212.47	127.88
1214.073	113.32
1215.675	118.52
1217.277	98.77
1218.88	122.68
1220.482	116.44
1222.083	97.73
1223.685	86.29
1225.287	105.01
1226.888	102.93
1228.489	107.09
1230.09	85.25
1231.691	117.48
1233.292	83.17
1234.892	80.05
1236.492	101.89
1238.092	72.78
1239.692	89.41
1241.292	69.66
1242.892	64.46
1244.491	89.41
1246.09	65.5
1247.689	72.78
1249.288	54.06
1250.887	77.97
1252.485	77.97
1254.084	64.46
1255.682	54.06
1257.28	83.17
1258.878	60.3
1260.475	63.42
1262.073	49.9
1263.67	63.42
1265.267	60.3
1266.864	53.02
1268.461	44.71
1270.057	64.46
1271.654	23.91
1273.25	48.86
1274.846	32.23
1276.442	42.63
1278.037	30.15
1279.633	45.75
1281.228	48.86
1282.823	31.19
1284.418	58.22
1286.013	21.83
1287.608	23.91
1289.202	19.75
1290.796	24.95
1292.39	41.59
1293.984	25.99
1295.577	34.31
1297.171	19.75
1298.764	23.91
1300.357	23.91
1301.95	24.95
1303.543	8.32
1305.135	40.55
1306.728	-2.08
1308.32	11.44
1309.912	14.56
1311.503	6.24
1313.095	6.24
1314.686	9.36
1316.277	3.12
1317.868	28.07
1319.459	-16.63
1321.05	32.23
1322.64	-23.91
1324.23	22.87
1325.82	1.04
1327.41	17.67
1329	-13.52
1330.589	11.44
1332.179	-10.4
1333.768	-3.12
1335.357	15.59
1336.945	1.04
1338.534	-18.71
1340.122	12.48
1341.71	-24.95
1343.298	-13.52
1344.886	-16.63
1346.473	-10.4
1348.06	4.16
1349.648	-15.59
1351.234	-19.75
1352.821	-13.52
1354.408	-6.24
1355.994	7.28
1357.58	-20.79
1359.166	0
1360.752	-29.11
1362.337	5.2
1363.923	-13.52
1365.508	-3.12
1367.093	-34.31
1368.677	16.63
1370.262	-35.35
1371.846	-10.4
1373.43	-17.67
1375.014	0
1376.598	-10.4
1378.181	-15.59
1379.765	-33.27
1381.348	-10.4
1382.931	-31.19
1384.513	0
1386.096	-42.63
1387.678	-5.2
1389.26	-17.67
1390.842	-11.44
1392.424	-5.2
1394.005	-30.15
1395.586	-24.95
1397.168	-14.56
1398.748	-21.83
1400.329	-17.67
1401.909	-4.16
1403.49	-25.99
1405.07	-12.48
1406.649	-32.23
1408.229	-22.87
1409.808	-12.48
1411.388	-47.82
1412.967	-5.2
1414.545	-5.2
1416.124	-13.52
1417.702	-10.4
1419.28	-44.71
1420.858	-21.83
1422.436	-4.16
1424.013	-50.94
1425.591	1.04
1427.168	-28.07
1428.745	-20.79
1430.321	-24.95
1431.898	-5.2
1433.474	-27.03
1435.05	-31.19
1436.626	-24.95
1438.201	-4.16
1439.777	-34.31
1441.352	-34.31
1442.927	-14.56
1444.501	-31.19
1446.076	-16.63
1447.65	-19.75
1449.224	-29.11
1450.798	-14.56
1452.372	-20.79
1453.945	-37.43
1455.518	-20.79
1457.091	-13.52
1458.664	-38.47
1460.236	-16.63
1461.809	-40.55
1463.381	-12.48
1464.953	-28.07
1466.524	-25.99
1468.096	-16.63
1469.667	-24.95
1471.238	-22.87
1472.809	-22.87
1474.379	-27.03
1475.949	5.2
1477.519	-50.94
1479.089	1.04
1480.659	-17.67
1482.228	-29.11
1483.798	-21.83
1485.366	-7.28
1486.935	-28.07
1488.504	-42.63
1490.072	-25.99
1491.64	-12.48
1493.208	-35.35
1494.776	-15.59
1496.343	-18.71
1497.91	0
1499.477	-4.16
1501.044	-22.87
1502.61	0
1504.176	47.82
1505.742	41.59
1507.308	84.21
1508.874	134.12
1510.439	121.64
1512.004	97.73
1513.569	92.53
1515.134	81.09
1516.698	33.27
1518.262	15.59
1519.826	-6.24
1521.39	-17.67
1522.953	-8.32
1524.517	-37.43
1526.08	-11.44
1527.642	-9.36
1529.205	-16.63
1530.767	-50.94
1532.329	0
1533.891	-47.82
1535.453	-18.71
1537.014	-37.43
1538.575	-27.03
1540.136	-20.79
1541.697	-15.59
1543.257	-55.1
1544.817	4.16
1546.377	-41.59
1547.937	-10.4
1549.497	-44.71
1551.056	-29.11
1552.615	-11.44
1554.174	-25.99
1555.732	-37.43
1557.29	-13.52
1558.848	-25.99
1560.406	-11.44
1561.964	-41.59
1563.521	-30.15
1565.078	-24.95
1566.635	-37.43
1568.192	-42.63
1569.748	20.79
1571.304	-29.11
1572.86	-23.91
1574.416	-17.67
1575.971	-18.71
1577.526	-34.31
1579.081	-10.4
1580.636	-21.83
1582.19	-24.95
1583.744	-24.95
1585.298	-12.48
1586.852	-6.24
1588.405	-39.51
1589.958	-31.19
1591.511	-6.24
1593.064	-22.87
1594.616	-24.95
1596.169	-27.03
1597.721	-7.28
1599.272	2.08
1600.824	33.27
1602.375	31.19
1603.926	48.86
1605.477	60.3
1607.027	89.41
1608.577	100.85
1610.127	131
1611.677	110.2
1613.226	147.63
1614.775	154.91
1616.324	140.35
1617.873	164.27
1619.422	174.66
1620.97	173.62
1622.518	190.26
1624.065	165.31
1625.613	211.05
1627.16	199.61
1628.707	225.61
1630.253	228.73
1631.8	240.16
1633.346	255.76
1634.892	260.95
1636.438	276.55
1637.983	274.47
1639.528	276.55
1641.073	330.61
1642.618	315.02
1644.162	341.01
1645.706	355.56
1647.25	349.33
1648.793	372.2
1650.337	400.27
1651.88	381.56
1653.423	430.42
1654.965	407.55
1656.507	469.93
1658.049	442.9
1659.591	480.32
1661.133	494.88
1662.674	507.35
1664.215	536.46
1665.756	568.69
1667.296	570.77
1668.836	590.53
1670.376	593.65
1671.916	639.39
1673.455	644.59
1674.994	671.62
1676.533	685.14
1678.072	728.8
1679.61	729.84
1681.148	755.83
1682.686	769.35
1684.224	819.25
1685.761	824.45
1687.298	856.68
1688.835	869.16
1690.371	911.78
1691.907	923.22
1693.443	965.84
1694.979	976.24
1696.514	1019.91
1698.049	1050.06
1699.584	1068.77
1701.119	1097.88
1702.653	1119.71
1704.187	1159.22
1705.721	1195.61
1707.255	1207.05
1708.788	1261.11
1710.321	1273.58
