898.735	16772.84
900.365	17137.76
901.994	17423.67
903.623	17718.93
905.253	18048.51
906.882	18292.83
908.511	18573.53
910.14	18776.27
911.768	19054.9
913.397	19364.72
915.026	19728.6
916.654	20195.41
918.282	20839.99
919.911	21557.36
921.539	22478.5
923.167	23278
924.795	24135.72
926.422	24849.97
928.05	25413.46
929.678	25849.08
931.305	26162.02
932.932	26321.09
934.56	26414.65
936.187	26424.01
937.814	26464.56
939.44	26535.26
941.067	26579.96
942.694	26689.12
944.32	26778.54
945.947	26873.14
947.573	26896.02
949.199	26684.97
950.825	26381.39
952.451	25770.06
954.077	25046.46
955.703	24105.57
957.328	23238.49
958.954	22260.17
960.579	21488.74
962.204	20749.54
963.829	20212.04
965.454	19674.54
967.079	19350.16
968.704	19050.74
970.329	18942.61
971.953	19015.39
973.578	19325.21
975.202	20005.15
976.826	21035.45
978.45	22161.4
980.074	23058.63
981.698	23653.32
983.321	23868.53
984.945	23707.38
986.568	23264.48
988.191	22426.52
989.815	21474.19
991.438	20669.49
993.061	20070.65
994.683	19535.22
996.306	19054.9
997.929	18734.68
999.551	18619.28
1001.173	18798.1
1002.795	19374.07
1004.417	20449.08
1006.039	22269.53
1007.661	24808.38
1009.283	27853.54
1010.904	30877.92
1012.526	33223.39
1014.147	34369.1
1015.768	34259.93
1017.389	32993.63
1019.01	30780.19
1020.63	28003.26
1022.251	25284.54
1023.871	23099.18
1025.492	21592.71
1027.112	20684.05
1028.732	20074.8
1030.352	19615.27
1031.972	19337.69
1033.591	19198.37
1035.211	19016.43
1036.83	18593.29
1038.45	17958.06
1040.069	17042.12
1041.688	15927.6
1043.307	14614.51
1044.925	13240.08
1046.544	11880.2
1048.162	10714.74
1049.781	9836.23
1051.399	9124.06
1053.017	8529.37
1054.635	8058.41
1056.253	7625.91
1057.87	7199.65
1059.488	6766.11
1061.105	6403.27
1062.722	6035.23
1064.339	5742.04
1065.956	5447.82
1067.573	5203.5
1069.19	4974.78
1070.806	4793.87
1072.423	4616.09
1074.039	4461.18
1075.655	4326.03
1077.271	4190.87
1078.887	4080.67
1080.502	3964.23
1082.118	3846.74
1083.733	3731.34
1085.348	3618.02
1086.963	3499.5
1088.578	3384.09
1090.193	3285.33
1091.808	3167.85
1093.422	3097.15
1095.037	2969.27
1096.651	2884.02
1098.265	2769.66
1099.879	2675.05
1101.493	2570.04
1103.106	2475.43
1104.72	2378.74
1106.333	2287.25
1107.946	2184.33
1109.559	2153.14
1111.172	2050.21
1112.785	1978.47
1114.398	1909.86
1116.01	1853.71
1117.622	1767.42
1119.234	1697.77
1120.846	1661.38
1122.458	1590.68
1124.07	1505.43
1125.681	1462.8
1127.293	1394.18
1128.904	1341.16
1130.515	1281.9
1132.126	1211.2
1133.737	1176.9
1135.347	1102.04
1136.958	1073.97
1138.568	984.56
1140.178	944.01
1141.788	890.99
1143.398	848.36
1145.008	770.39
1146.617	754.79
1148.227	709.05
1149.836	618.6
1151.445	601.96
1153.054	555.18
1154.663	508.39
1156.271	489.68
1157.88	454.33
1159.488	414.82
1161.096	400.27
1162.704	367
1164.312	370.12
1165.92	343.09
1167.527	347.25
1169.134	327.49
1170.741	321.26
1172.348	277.59
1173.955	309.82
1175.562	243.28
1177.168	275.51
1178.775	236
1180.381	247.44
1181.987	240.16
1183.593	211.05
1185.199	215.21
1186.804	204.81
1188.409	198.58
1190.015	194.42
1191.62	198.58
1193.225	185.06
1194.829	187.14
1196.434	174.66
1198.038	147.63
1199.642	167.39
1201.246	154.91
1202.85	191.3
1204.454	136.2
1206.057	148.67
1207.661	153.87
1209.264	133.08
1210.867	114.36
1212.47	135.16
1214.073	113.32
1215.675	120.6
1217.277	95.65
1218.88	113.32
1220.482	119.56
1222.083	97.73
1223.685	87.33
1225.287	99.81
1226.888	102.93
1228.489	107.09
1230.09	80.05
1231.691	115.4
1233.292	80.05
1234.892	83.17
1236.492	94.61
1238.092	70.7
1239.692	90.45
1241.292	67.58
1242.892	62.38
1244.491	94.61
1246.09	60.3
1247.689	76.93
1249.288	59.26
1250.887	82.13
1252.485	82.13
1254.084	66.54
1255.682	57.18
1257.28	87.33
1258.878	53.02
1260.475	66.54
1262.073	51.98
1263.67	60.3
1265.267	58.22
1266.864	54.06
1268.461	43.67
1270.057	61.34
1271.654	28.07
1273.25	50.94
1274.846	32.23
1276.442	42.63
1278.037	27.03
1279.633	51.98
1281.228	47.82
1282.823	32.23
1284.418	66.54
1286.013	25.99
1287.608	27.03
1289.202	22.87
1290.796	25.99
1292.39	43.67
1293.984	31.19
1295.577	39.51
1297.171	25.99
1298.764	33.27
1300.357	28.07
1301.95	29.11
1303.543	15.59
1305.135	44.71
1306.728	3.12
1308.32	11.44
1309.912	12.48
1311.503	10.4
1313.095	12.48
1314.686	12.48
1316.277	12.48
1317.868	34.31
1319.459	-14.56
1321.05	37.43
1322.64	-17.67
1324.23	22.87
1325.82	0
1327.41	23.91
1329	-11.44
1330.589	9.36
1332.179	-6.24
1333.768	-3.12
1335.357	20.79
1336.945	3.12
1338.534	-18.71
1340.122	22.87
1341.71	-18.71
1343.298	-4.16
1344.886	-8.32
1346.473	-8.32
1348.06	4.16
1349.648	-4.16
1351.234	-21.83
1352.821	-7.28
1354.408	-1.04
1355.994	4.16
1357.58	-18.71
1359.166	6.24
1360.752	-24.95
1362.337	-4.16
1363.923	-15.59
1365.508	-1.04
1367.093	-30.15
1368.677	13.52
1370.262	-22.87
1371.846	-4.16
1373.43	-14.56
1375.014	4.16
1376.598	-4.16
1378.181	-22.87
1379.765	-29.11
1381.348	-4.16
1382.931	-24.95
1384.513	3.12
1386.096	-41.59
1387.678	-1.04
1389.26	-12.48
1390.842	-13.52
1392.424	-2.08
1394.005	-28.07
1395.586	-29.11
1397.168	-10.4
1398.748	-21.83
1400.329	-16.63
1401.909	3.12
1403.49	-34.31
1405.07	-15.59
1406.649	-35.35
1408.229	-22.87
1409.808	-5.2
1411.388	-43.67
1412.967	-4.16
1414.545	-1.04
1416.124	-6.24
1417.702	-6.24
1419.28	-40.55
1420.858	-15.59
1422.436	-7.28
1424.013	-45.75
1425.591	4.16
1427.168	-27.03
1428.745	-22.87
1430.321	-22.87
1431.898	0
1433.474	-31.19
1435.05	-29.11
1436.626	-18.71
1438.201	0
1439.777	-34.31
1441.352	-34.31
1442.927	-14.56
1444.501	-32.23
1446.076	-17.67
1447.65	-20.79
1449.224	-29.11
1450.798	-15.59
1452.372	-17.67
1453.945	-31.19
1455.518	-17.67
1457.091	-7.28
1458.664	-37.43
1460.236	-11.44
1461.809	-42.63
1463.381	-12.48
1464.953	-30.15
1466.524	-30.15
1468.096	-15.59
1469.667	-23.91
1471.238	-17.67
1472.809	-25.99
1474.379	-21.83
1475.949	1.04
1477.519	-47.82
1479.089	4.16
1480.659	-19.75
1482.228	-30.15
1483.798	-29.11
1485.366	-3.12
1486.935	-22.87
1488.504	-41.59
1490.072	-21.83
1491.64	-11.44
1493.208	-35.35
1494.776	-21.83
1496.343	-22.87
1497.91	-1.04
1499.477	0
1501.044	-27.03
1502.61	-1.04
1504.176	49.9
1505.742	43.67
1507.308	90.45
1508.874	133.08
1510.439	122.68
1512.004	101.89
1513.569	94.61
1515.134	80.05
1516.698	34.31
1518.262	16.63
1519.826	-2.08
1521.39	-16.63
1522.953	-10.4
1524.517	-35.35
1526.08	-10.4
1527.642	-6.24
1529.205	-9.36
1530.767	-44.71
1532.329	3.12
1533.891	-38.47
1535.453	-18.71
1537.014	-35.35
1538.575	-21.83
1540.136	-20.79
1541.697	-12.48
1543.257	-50.94
1544.817	6.24
1546.377	-38.47
1547.937	-7.28
1549.497	-42.63
1551.056	-31.19
1552.615	-12.48
1554.174	-15.59
1555.732	-25.99
1557.29	-10.4
1558.848	-22.87
1560.406	-9.36
1561.964	-38.47
1563.521	-32.23
1565.078	-16.63
1566.635	-36.39
1568.192	-38.47
1569.748	21.83
1571.304	-30.15
1572.86	-22.87
1574.416	-15.59
1575.971	-18.71
1577.526	-28.07
1579.081	-8.32
1580.636	-14.56
1582.19	-18.71
1583.744	-22.87
1585.298	-8.32
1586.852	-6.24
1588.405	-36.39
1589.958	-27.03
1591.511	5.2
1593.064	-28.07
1594.616	-17.67
1596.169	-23.91
1597.721	0
1599.272	9.36
1600.824	36.39
1602.375	31.19
1603.926	48.86
1605.477	57.18
1607.027	85.25
1608.577	102.93
1610.127	127.88
1611.677	100.85
1613.226	145.55
1614.775	143.47
1616.324	139.31
1617.873	147.63
1619.422	166.35
1620.97	165.31
1622.518	176.74
1624.065	162.19
1625.613	202.73
1627.16	190.26
1628.707	214.17
1630.253	225.61
1631.8	228.73
1633.346	248.48
1634.892	256.8
1636.438	269.27
1637.983	267.19
1639.528	268.23
1641.073	321.26
1642.618	304.62
1644.162	336.85
1645.706	348.29
1647.25	347.25
1648.793	373.24
1650.337	397.15
1651.88	379.48
1653.423	424.18
1654.965	409.63
1656.507	474.09
1658.049	434.58
1659.591	484.48
1661.133	503.2
1662.674	506.31
1664.215	542.7
1665.756	575.97
1667.296	570.77
1668.836	596.77
1670.376	597.8
1671.916	646.67
1673.455	653.95
1674.994	684.1
1676.533	698.65
1678.072	744.4
1679.61	741.28
1681.148	774.55
1682.686	781.82
1684.224	833.81
1685.761	845.24
1687.298	879.55
1688.835	889.95
1690.371	937.77
1691.907	950.25
1693.443	990.8
1694.979	999.11
1696.514	1039.66
1698.049	1085.41
1699.584	1099.96
1701.119	1133.23
1702.653	1157.14
1704.187	1198.73
1705.721	1229.92
1707.255	1244.47
1708.788	1306.85
1710.321	1314.13
