898.735	17189.75
900.365	17560.91
901.994	17861.37
903.623	18152.47
905.253	18484.12
906.882	18739.88
908.511	19015.39
910.14	19223.32
911.768	19513.39
913.397	19850.24
915.026	20236.99
916.654	20743.31
918.282	21432.6
919.911	22194.67
921.539	23160.52
923.167	23970.41
924.795	24849.97
926.422	25557.97
928.05	26110.03
929.678	26522.78
931.305	26817
932.932	26954.24
934.56	27041.57
936.187	27037.41
937.814	27081.08
939.44	27147.62
941.067	27192.32
942.694	27316.04
944.32	27411.69
945.947	27499.02
947.573	27525.01
949.199	27296.29
950.825	26966.71
952.451	26333.56
954.077	25590.2
955.703	24594.21
957.328	23706.34
958.954	22693.71
960.579	21916.04
962.204	21158.13
963.829	20616.47
965.454	20067.53
967.079	19742.11
968.704	19460.37
970.329	19349.12
971.953	19428.14
973.578	19768.1
975.202	20492.75
976.826	21604.15
978.45	22759.21
980.074	23676.19
981.698	24273.99
983.321	24465.29
984.945	24286.47
986.568	23797.83
988.191	22901.64
989.815	21907.73
991.438	21094.71
993.061	20487.55
994.683	19931.33
996.306	19454.13
997.929	19132.87
999.551	19021.63
1001.173	19217.08
1002.795	19820.09
1004.417	20954.36
1006.039	22849.66
1007.661	25514.31
1009.283	28665.52
1010.904	31757.47
1012.526	34110.22
1014.147	35208.1
1015.768	35038.64
1017.389	33664.21
1019.01	31349.92
1020.63	28474.22
1022.251	25698.33
1023.871	23507.76
1025.492	22017.93
1027.112	21106.15
1028.732	20506.26
1030.352	20052.97
1031.972	19782.66
1033.591	19662.06
1035.211	19489.48
1036.83	19047.62
1038.45	18392.63
1040.069	17434.07
1041.688	16271.73
1043.307	14898.34
1044.925	13493.75
1046.544	12093.33
1048.162	10900.84
1049.781	10025.45
1051.399	9307.04
1053.017	8701.96
1054.635	8218.52
1056.253	7781.86
1057.87	7349.36
1059.488	6898.15
1061.105	6534.27
1062.722	6151.67
1064.339	5859.53
1065.956	5554.91
1067.573	5310.59
1069.19	5073.54
1070.806	4896.8
1072.423	4715.9
1074.039	4557.87
1075.655	4417.52
1077.271	4287.56
1078.887	4166.96
1080.502	4040.12
1082.118	3927.84
1083.733	3813.47
1085.348	3688.72
1086.963	3570.19
1088.578	3451.67
1090.193	3354.98
1091.808	3231.26
1093.422	3159.53
1095.037	3028.53
1096.651	2939.12
1098.265	2825.8
1099.879	2733.27
1101.493	2620.98
1103.106	2522.22
1104.72	2422.41
1106.333	2338.2
1107.946	2233.19
1109.559	2195.76
1111.172	2094.92
1112.785	2014.86
1114.398	1948.32
1116.01	1891.14
1117.622	1801.73
1119.234	1728.96
1120.846	1698.81
1122.458	1628.11
1124.07	1534.54
1125.681	1492.95
1127.293	1418.1
1128.904	1374.43
1130.515	1300.62
1132.126	1235.12
1133.737	1197.69
1135.347	1117.64
1136.958	1095.8
1138.568	1008.47
1140.178	962.73
1141.788	902.43
1143.398	867.08
1145.008	790.14
1146.617	769.35
1148.227	729.84
1149.836	630.03
1151.445	617.56
1153.054	563.5
1154.663	517.75
1156.271	503.2
1157.88	464.73
1159.488	428.34
1161.096	409.63
1162.704	384.67
1164.312	381.56
1165.92	355.56
1167.527	350.37
1169.134	337.89
1170.741	336.85
1172.348	278.63
1173.955	315.02
1175.562	248.48
1177.168	286.95
1178.775	249.52
1180.381	255.76
1181.987	249.52
1183.593	220.41
1185.199	219.37
1186.804	216.25
1188.409	215.21
1190.015	199.61
1191.62	203.77
1193.225	191.3
1194.829	193.38
1196.434	178.82
1198.038	153.87
1199.642	181.94
1201.246	163.23
1202.85	190.26
1204.454	141.39
1206.057	155.95
1207.661	158.03
1209.264	136.2
1210.867	118.52
1212.47	144.51
1214.073	114.36
1215.675	127.88
1217.277	100.85
1218.88	132.04
1220.482	122.68
1222.083	102.93
1223.685	90.45
1225.287	108.12
1226.888	109.16
1228.489	118.52
1230.09	89.41
1231.691	119.56
1233.292	83.17
1234.892	84.21
1236.492	102.93
1238.092	73.82
1239.692	98.77
1241.292	75.9
1242.892	68.62
1244.491	97.73
1246.09	71.74
1247.689	80.05
1249.288	56.14
1250.887	86.29
1252.485	83.17
1254.084	71.74
1255.682	63.42
1257.28	90.45
1258.878	56.14
1260.475	66.54
1262.073	54.06
1263.67	64.46
1265.267	61.34
1266.864	62.38
1268.461	46.78
1270.057	63.42
1271.654	29.11
1273.25	57.18
1274.846	36.39
1276.442	49.9
1278.037	37.43
1279.633	54.06
1281.228	51.98
1282.823	39.51
1284.418	69.66
1286.013	25.99
1287.608	29.11
1289.202	30.15
1290.796	33.27
1292.39	53.02
1293.984	39.51
1295.577	43.67
1297.171	27.03
1298.764	33.27
1300.357	35.35
1301.95	34.31
1303.543	16.63
1305.135	48.86
1306.728	7.28
1308.32	18.71
1309.912	16.63
1311.503	16.63
1313.095	16.63
1314.686	19.75
1316.277	14.56
1317.868	39.51
1319.459	-5.2
1321.05	46.78
1322.64	-14.56
1324.23	34.31
1325.82	-2.08
1327.41	29.11
1329	-8.32
1330.589	16.63
1332.179	-1.04
1333.768	3.12
1335.357	19.75
1336.945	5.2
1338.534	-12.48
1340.122	24.95
1341.71	-12.48
1343.298	-2.08
1344.886	-6.24
1346.473	-3.12
1348.06	11.44
1349.648	-9.36
1351.234	-15.59
1352.821	-3.12
1354.408	5.2
1355.994	11.44
1357.58	-16.63
1359.166	4.16
1360.752	-21.83
1362.337	8.32
1363.923	-10.4
1365.508	2.08
1367.093	-20.79
1368.677	13.52
1370.262	-25.99
1371.846	-5.2
1373.43	-14.56
1375.014	1.04
1376.598	1.04
1378.181	-30.15
1379.765	-28.07
1381.348	-3.12
1382.931	-29.11
1384.513	3.12
1386.096	-40.55
1387.678	4.16
1389.26	-15.59
1390.842	-11.44
1392.424	-1.04
1394.005	-27.03
1395.586	-27.03
1397.168	-9.36
1398.748	-16.63
1400.329	-18.71
1401.909	1.04
1403.49	-25.99
1405.07	-11.44
1406.649	-28.07
1408.229	-13.52
1409.808	-3.12
1411.388	-42.63
1412.967	0
1414.545	1.04
1416.124	-3.12
1417.702	-6.24
1419.28	-37.43
1420.858	-15.59
1422.436	-9.36
1424.013	-39.51
1425.591	7.28
1427.168	-27.03
1428.745	-11.44
1430.321	-22.87
1431.898	-3.12
1433.474	-27.03
1435.05	-28.07
1436.626	-21.83
1438.201	-2.08
1439.777	-27.03
1441.352	-34.31
1442.927	-10.4
1444.501	-28.07
1446.076	-14.56
1447.65	-22.87
1449.224	-23.91
1450.798	-12.48
1452.372	-17.67
1453.945	-31.19
1455.518	-12.48
1457.091	-6.24
1458.664	-38.47
1460.236	-6.24
1461.809	-36.39
1463.381	-7.28
1464.953	-21.83
1466.524	-25.99
1468.096	-14.56
1469.667	-21.83
1471.238	-15.59
1472.809	-17.67
1474.379	-23.91
1475.949	6.24
1477.519	-42.63
1479.089	5.2
1480.659	-17.67
1482.228	-25.99
1483.798	-27.03
1485.366	-6.24
1486.935	-16.63
1488.504	-39.51
1490.072	-22.87
1491.64	-7.28
1493.208	-30.15
1494.776	-14.56
1496.343	-18.71
1497.91	2.08
1499.477	1.04
1501.044	-23.91
1502.61	1.04
1504.176	57.18
1505.742	48.86
1507.308	97.73
1508.874	141.39
1510.439	124.76
1512.004	103.97
1513.569	95.65
1515.134	79.01
1516.698	36.39
1518.262	13.52
1519.826	-3.12
1521.39	-11.44
1522.953	-5.2
1524.517	-34.31
1526.08	-7.28
1527.642	-7.28
1529.205	-11.44
1530.767	-44.71
1532.329	2.08
1533.891	-37.43
1535.453	-8.32
1537.014	-33.27
1538.575	-14.56
1540.136	-13.52
1541.697	-6.24
1543.257	-53.02
1544.817	11.44
1546.377	-40.55
1547.937	0
1549.497	-43.67
1551.056	-25.99
1552.615	-9.36
1554.174	-16.63
1555.732	-30.15
1557.29	-12.48
1558.848	-19.75
1560.406	-6.24
1561.964	-32.23
1563.521	-25.99
1565.078	-21.83
1566.635	-32.23
1568.192	-39.51
1569.748	18.71
1571.304	-24.95
1572.86	-19.75
1574.416	-12.48
1575.971	-13.52
1577.526	-24.95
1579.081	-3.12
1580.636	-14.56
1582.19	-17.67
1583.744	-17.67
1585.298	-5.2
1586.852	-2.08
1588.405	-28.07
1589.958	-25.99
1591.511	5.2
1593.064	-25.99
1594.616	-13.52
1596.169	-16.63
1597.721	5.2
1599.272	11.44
1600.824	44.71
1602.375	38.47
1603.926	49.9
1605.477	64.46
1607.027	96.69
1608.577	108.12
1610.127	132.04
1611.677	106.05
1613.226	144.51
1614.775	154.91
1616.324	143.47
1617.873	158.03
1619.422	173.62
1620.97	169.46
1622.518	184.02
1624.065	164.27
1625.613	215.21
1627.16	204.81
1628.707	231.84
1630.253	230.8
1631.8	238.08
1633.346	261.99
1634.892	264.07
1636.438	280.71
1637.983	281.75
1639.528	283.83
1641.073	332.69
1642.618	315.02
1644.162	350.37
1645.706	363.88
1647.25	358.68
1648.793	382.6
1650.337	411.71
1651.88	390.91
1653.423	437.7
1654.965	422.1
1656.507	485.52
1658.049	452.25
1659.591	502.16
1661.133	511.51
1662.674	525.03
1664.215	556.22
1665.756	586.37
1667.296	586.37
1668.836	610.28
1670.376	619.64
1671.916	668.5
1673.455	669.54
1674.994	705.93
1676.533	718.41
1678.072	768.31
1679.61	762.07
1681.148	795.34
1682.686	806.78
1684.224	857.72
1685.761	867.08
1687.298	904.5
1688.835	912.82
1690.371	965.84
1691.907	972.08
1693.443	1018.87
1694.979	1024.07
1696.514	1067.73
1698.049	1115.56
1699.584	1132.19
1701.119	1163.38
1702.653	1187.29
1704.187	1233.04
1705.721	1257.99
1707.255	1276.7
1708.788	1342.2
1710.321	1356.76
