898.735	5818.98
900.365	5925.03
901.994	5997.8
903.623	6058.1
905.253	6152.71
906.882	6221.33
908.511	6321.14
910.14	6398.07
911.768	6520.75
913.397	6668.38
915.026	6843.05
916.654	7042.66
918.282	7333.77
919.911	7645.66
921.539	8009.54
923.167	8367.19
924.795	8730.03
926.422	9028.41
928.05	9291.45
929.678	9490.02
931.305	9652.21
932.932	9743.7
934.56	9807.12
936.187	9841.43
937.814	9881.97
939.44	9901.73
941.067	9925.64
942.694	9953.71
944.32	9971.38
945.947	9982.82
947.573	9980.74
949.199	9948.51
950.825	9910.04
952.451	9824.79
954.077	9711.47
955.703	9581.51
957.328	9461.95
958.954	9301.84
960.579	9188.52
962.204	9058.56
963.829	8946.28
965.454	8822.56
967.079	8710.28
968.704	8608.39
970.329	8513.78
971.953	8437.88
973.578	8394.22
975.202	8387.98
976.826	8417.09
978.45	8480.51
980.074	8508.58
981.698	8506.5
983.321	8447.24
984.945	8342.24
986.568	8191.49
988.191	7981.47
989.815	7735.07
991.438	7479.32
993.061	7268.27
994.683	7033.3
996.306	6805.62
997.929	6596.65
999.551	6435.5
1001.173	6321.14
1002.795	6273.31
1004.417	6286.83
1006.039	6381.44
1007.661	6568.58
1009.283	6820.17
1010.904	7078.01
1012.526	7274.5
1014.147	7329.61
1015.768	7260.99
1017.389	7048.9
1019.01	6715.17
1020.63	6319.06
1022.251	5916.71
1023.871	5567.38
1025.492	5299.15
1027.112	5116.17
1028.732	4969.58
1030.352	4835.46
1031.972	4703.42
1033.591	4605.7
1035.211	4505.89
1036.83	4368.65
1038.45	4222.06
1040.069	4040.12
1041.688	3852.98
1043.307	3615.94
1044.925	3405.93
1046.544	3172
1048.162	2963.03
1049.781	2783.17
1051.399	2638.66
1053.017	2503.5
1054.635	2389.14
1056.253	2288.29
1057.87	2191.6
1059.488	2097
1061.105	2001.35
1062.722	1917.13
1064.339	1841.24
1065.956	1761.18
1067.573	1698.81
1069.19	1640.58
1070.806	1587.56
1072.423	1534.54
1074.039	1490.87
1075.655	1447.21
1077.271	1401.46
1078.887	1367.15
1080.502	1330.77
1082.118	1299.58
1083.733	1257.99
1085.348	1224.72
1086.963	1190.41
1088.578	1157.14
1090.193	1131.15
1091.808	1099.96
1093.422	1060.45
1095.037	1024.07
1096.651	1006.39
1098.265	967.92
1099.879	933.62
1101.493	910.74
1103.106	875.39
1104.72	846.28
1106.333	824.45
1107.946	798.46
1109.559	773.51
1111.172	749.6
1112.785	723.6
1114.398	708.01
1116.01	680.98
1117.622	651.87
1119.234	638.35
1120.846	611.32
1122.458	586.37
1124.07	574.93
1125.681	551.02
1127.293	530.23
1128.904	506.31
1130.515	494.88
1132.126	470.97
1133.737	451.21
1135.347	432.5
1136.958	407.55
1138.568	390.91
1140.178	368.04
1141.788	358.68
1143.398	330.61
1145.008	312.94
1146.617	296.3
1148.227	287.99
1149.836	272.39
1151.445	260.95
1153.054	250.56
1154.663	240.16
1156.271	228.73
1157.88	221.45
1159.488	212.09
1161.096	204.81
1162.704	199.61
1164.312	197.54
1165.92	194.42
1167.527	177.78
1169.134	164.27
1170.741	166.35
1172.348	147.63
1173.955	141.39
1175.562	128.92
1177.168	110.2
1178.775	108.12
1180.381	99.81
1181.987	92.53
1183.593	87.33
1185.199	87.33
1186.804	89.41
1188.409	84.21
1190.015	87.33
1191.62	91.49
1193.225	93.57
1194.829	97.73
1196.434	100.85
1198.038	101.89
1199.642	109.16
1201.246	100.85
1202.85	106.05
1204.454	106.05
1206.057	103.97
1207.661	108.12
1209.264	108.12
1210.867	106.05
1212.47	97.73
1214.073	97.73
1215.675	99.81
1217.277	99.81
1218.88	96.69
1220.482	89.41
1222.083	99.81
1223.685	96.69
1225.287	97.73
1226.888	86.29
1228.489	81.09
1230.09	84.21
1231.691	83.17
1233.292	76.93
1234.892	79.01
1236.492	74.86
1238.092	81.09
1239.692	85.25
1241.292	70.7
1242.892	66.54
1244.491	74.86
1246.09	63.42
1247.689	65.5
1249.288	63.42
1250.887	66.54
1252.485	64.46
1254.084	59.26
1255.682	60.3
1257.28	53.02
1258.878	62.38
1260.475	54.06
1262.073	65.5
1263.67	64.46
1265.267	53.02
1266.864	54.06
1268.461	53.02
1270.057	51.98
1271.654	59.26
1273.25	51.98
1274.846	51.98
1276.442	44.71
1278.037	45.75
1279.633	47.82
1281.228	42.63
1282.823	41.59
1284.418	47.82
1286.013	47.82
1287.608	38.47
1289.202	39.51
1290.796	43.67
1292.39	36.39
1293.984	38.47
1295.577	35.35
1297.171	38.47
1298.764	33.27
1300.357	35.35
1301.95	39.51
1303.543	37.43
1305.135	37.43
1306.728	37.43
1308.32	38.47
1309.912	34.31
1311.503	35.35
1313.095	36.39
1314.686	34.31
1316.277	31.19
1317.868	29.11
1319.459	34.31
1321.05	34.31
1322.64	34.31
1324.23	27.03
1325.82	32.23
1327.41	32.23
1329	27.03
1330.589	33.27
1332.179	32.23
1333.768	18.71
1335.357	24.95
1336.945	20.79
1338.534	18.71
1340.122	23.91
1341.71	18.71
1343.298	33.27
1344.886	25.99
1346.473	23.91
1348.06	20.79
1349.648	27.03
1351.234	24.95
1352.821	22.87
1354.408	20.79
1355.994	19.75
1357.58	17.67
1359.166	20.79
1360.752	22.87
1362.337	15.59
1363.923	18.71
1365.508	8.32
1367.093	16.63
1368.677	19.75
1370.262	20.79
1371.846	15.59
1373.43	10.4
1375.014	18.71
1376.598	16.63
1378.181	18.71
1379.765	16.63
1381.348	20.79
1382.931	13.52
1384.513	18.71
1386.096	18.71
1387.678	12.48
1389.26	15.59
1390.842	17.67
1392.424	16.63
1394.005	20.79
1395.586	16.63
1397.168	20.79
1398.748	19.75
1400.329	22.87
1401.909	14.56
1403.49	24.95
1405.07	22.87
1406.649	24.95
1408.229	23.91
1409.808	29.11
1411.388	17.67
1412.967	21.83
1414.545	27.03
1416.124	29.11
1417.702	18.71
1419.28	27.03
1420.858	28.07
1422.436	35.35
1424.013	37.43
1425.591	41.59
1427.168	45.75
1428.745	41.59
1430.321	43.67
1431.898	45.75
1433.474	47.82
1435.05	55.1
1436.626	59.26
1438.201	66.54
1439.777	72.78
1441.352	83.17
1442.927	86.29
1444.501	102.93
1446.076	114.36
1447.65	128.92
1449.224	146.59
1450.798	155.95
1452.372	171.54
1453.945	196.5
1455.518	218.33
1457.091	253.68
1458.664	283.83
1460.236	316.06
1461.809	365.96
1463.381	409.63
1464.953	484.48
1466.524	589.49
1468.096	741.28
1469.667	941.93
1471.238	1181.05
1472.809	1450.33
1474.379	1715.44
1475.949	1948.32
1477.519	2103.23
1479.089	2227.99
1480.659	2264.38
1482.228	2276.86
1483.798	2260.22
1485.366	2247.75
1486.935	2243.59
1488.504	2251.9
1490.072	2247.75
1491.64	2245.67
1493.208	2235.27
1494.776	2218.64
1496.343	2170.81
1497.91	2150.02
1499.477	2119.87
1501.044	2095.96
1502.61	2068.92
1504.176	2052.29
1505.742	2019.02
1507.308	1984.71
1508.874	1946.24
1510.439	1936.89
1512.004	2008.62
1513.569	2208.24
1515.134	2578.36
1516.698	3130.42
1518.262	3793.72
1519.826	4488.21
1521.39	5088.1
1522.953	5550.75
1524.517	5877.2
1526.08	6167.27
1527.642	6456.29
1529.205	6800.42
1530.767	7199.65
1532.329	7665.42
1533.891	8110.39
1535.453	8381.74
1537.014	8422.29
1538.575	8290.25
1540.136	7977.32
1541.697	7568.73
1543.257	7133.11
1544.817	6727.64
1546.377	6364.8
1547.937	5916.71
1549.497	5393.76
1551.056	4835.46
1552.615	4285.48
1554.174	3768.77
1555.732	3370.58
1557.29	3130.42
1558.848	3108.58
1560.406	3279.09
1561.964	3588.91
1563.521	3999.57
1565.078	4423.76
1566.635	4851.06
1568.192	5199.34
1569.748	5457.18
1571.304	5595.45
1572.86	5607.93
1574.416	5502.92
1575.971	5296.03
1577.526	5008.04
1579.081	4669.12
1580.636	4300.04
1582.19	3909.12
1583.744	3506.77
1585.298	3114.82
1586.852	2761.34
1588.405	2466.07
1589.958	2220.71
1591.511	2024.22
1593.064	1874.51
1594.616	1746.63
1596.169	1645.78
1597.721	1561.57
1599.272	1499.19
1600.824	1479.44
1602.375	1489.83
1603.926	1530.38
1605.477	1596.92
1607.027	1694.65
1608.577	1803.81
1610.127	1911.94
1611.677	2023.18
1613.226	2138.58
1614.775	2241.51
1616.324	2318.44
1617.873	2377.7
1619.422	2401.62
1620.97	2390.18
1622.518	2357.95
1624.065	2318.44
1625.613	2268.54
1627.16	2226.95
1628.707	2192.64
1630.253	2143.78
1631.8	2097
1633.346	2013.82
1634.892	1909.86
1636.438	1765.34
1637.983	1599
1639.528	1421.22
1641.073	1255.91
1642.618	1106.2
1644.162	962.73
1645.706	857.72
1647.25	756.87
1648.793	668.5
1650.337	593.65
1651.88	521.91
1653.423	470.97
1654.965	425.22
1656.507	381.56
1658.049	353.48
1659.591	322.29
1661.133	307.74
1662.674	293.18
1664.215	290.07
1665.756	278.63
1667.296	275.51
1668.836	281.75
1670.376	277.59
1671.916	280.71
1673.455	281.75
1674.994	290.07
1676.533	289.03
1678.072	296.3
1679.61	304.62
1681.148	321.26
1682.686	323.33
1684.224	326.45
1685.761	343.09
1687.298	349.33
1688.835	360.76
1690.371	367
1691.907	374.28
1693.443	387.79
1694.979	390.91
1696.514	408.59
1698.049	415.86
1699.584	422.1
1701.119	431.46
1702.653	450.17
1704.187	461.61
1705.721	465.77
1707.255	478.24
1708.788	491.76
1710.321	506.31
