898.735	7681.01
900.365	7798.49
901.994	7904.54
903.623	7973.16
905.253	8091.68
906.882	8182.13
908.511	8299.61
910.14	8412.93
911.768	8560.56
913.397	8749.78
915.026	8978.51
916.654	9234.26
918.282	9606.46
919.911	10003.61
921.539	10481.86
923.167	10944.51
924.795	11399.88
926.422	11790.79
928.05	12127.64
929.678	12384.44
931.305	12588.21
932.932	12702.57
934.56	12778.47
936.187	12831.49
937.814	12875.16
939.44	12908.42
941.067	12946.89
942.694	12983.28
944.32	13020.71
945.947	13045.66
947.573	13047.74
949.199	13023.83
950.825	12966.65
952.451	12849.16
954.077	12696.33
955.703	12509.2
957.328	12327.25
958.954	12112.04
960.579	11956.1
962.204	11771.04
963.829	11609.89
965.454	11454.98
967.079	11315.66
968.704	11190.91
970.329	11084.86
971.953	11005.85
973.578	10993.37
975.202	11041.19
976.826	11165.95
978.45	11346.85
980.074	11473.69
981.698	11539.19
983.321	11501.76
984.945	11390.52
986.568	11200.26
988.191	10897.72
989.815	10531.76
991.438	10167.88
993.061	9851.82
994.683	9521.21
996.306	9213.47
997.929	8925.49
999.551	8714.43
1001.173	8595.91
1002.795	8560.56
1004.417	8665.57
1006.039	8911.97
1007.661	9321.6
1009.283	9827.91
1010.904	10364.38
1012.526	10776.08
1014.147	10949.7
1015.768	10869.65
1017.389	10525.52
1019.01	9976.58
1020.63	9302.88
1022.251	8620.86
1023.871	8049.05
1025.492	7624.87
1027.112	7348.32
1028.732	7129.99
1030.352	6933.5
1031.972	6757.79
1033.591	6618.48
1035.211	6466.69
1036.83	6279.55
1038.45	6062.26
1040.069	5778.43
1041.688	5472.77
1043.307	5121.37
1044.925	4758.53
1046.544	4386.33
1048.162	4073.39
1049.781	3787.48
1051.399	3570.19
1053.017	3376.82
1054.635	3206.31
1056.253	3053.48
1057.87	2912.09
1059.488	2767.58
1061.105	2638.66
1062.722	2515.98
1064.339	2405.77
1065.956	2297.65
1067.573	2210.32
1069.19	2125.07
1070.806	2054.37
1072.423	1979.51
1074.039	1923.37
1075.655	1868.27
1077.271	1812.13
1078.887	1757.03
1080.502	1719.6
1082.118	1669.69
1083.733	1627.07
1085.348	1583.4
1086.963	1540.78
1088.578	1490.87
1090.193	1454.49
1091.808	1417.06
1093.422	1373.39
1095.037	1324.53
1096.651	1296.46
1098.265	1250.71
1099.879	1206.01
1101.493	1170.66
1103.106	1130.11
1104.72	1088.52
1106.333	1062.53
1107.946	1023.03
1109.559	995.99
1111.172	961.69
1112.785	935.69
1114.398	903.46
1116.01	876.43
1117.622	840.05
1119.234	813.01
1120.846	783.9
1122.458	754.79
1124.07	730.88
1125.681	704.89
1127.293	673.7
1128.904	648.75
1130.515	627.95
1132.126	601.96
1133.737	570.77
1135.347	563.5
1136.958	517.75
1138.568	499.04
1140.178	475.12
1141.788	451.21
1143.398	424.18
1145.008	401.31
1146.617	380.52
1148.227	376.36
1149.836	346.21
1151.445	330.61
1153.054	311.9
1154.663	307.74
1156.271	282.79
1157.88	278.63
1159.488	271.35
1161.096	263.03
1162.704	253.68
1164.312	249.52
1165.92	240.16
1167.527	225.61
1169.134	212.09
1170.741	214.17
1172.348	189.22
1173.955	180.9
1175.562	161.15
1177.168	145.55
1178.775	141.39
1180.381	126.84
1181.987	119.56
1183.593	115.4
1185.199	110.2
1186.804	108.12
1188.409	108.12
1190.015	112.28
1191.62	120.6
1193.225	120.6
1194.829	124.76
1196.434	123.72
1198.038	133.08
1199.642	141.39
1201.246	128.92
1202.85	131
1204.454	138.27
1206.057	133.08
1207.661	137.24
1209.264	137.24
1210.867	135.16
1212.47	126.84
1214.073	126.84
1215.675	126.84
1217.277	126.84
1218.88	129.96
1220.482	118.52
1222.083	131
1223.685	117.48
1225.287	118.52
1226.888	115.4
1228.489	110.2
1230.09	111.24
1231.691	102.93
1233.292	108.12
1234.892	103.97
1236.492	99.81
1238.092	99.81
1239.692	101.89
1241.292	97.73
1242.892	91.49
1244.491	97.73
1246.09	87.33
1247.689	87.33
1249.288	86.29
1250.887	86.29
1252.485	83.17
1254.084	82.13
1255.682	77.97
1257.28	71.74
1258.878	76.93
1260.475	72.78
1262.073	80.05
1263.67	81.09
1265.267	74.86
1266.864	65.5
1268.461	68.62
1270.057	69.66
1271.654	72.78
1273.25	60.3
1274.846	68.62
1276.442	60.3
1278.037	55.1
1279.633	58.22
1281.228	66.54
1282.823	63.42
1284.418	62.38
1286.013	58.22
1287.608	50.94
1289.202	54.06
1290.796	49.9
1292.39	54.06
1293.984	58.22
1295.577	44.71
1297.171	53.02
1298.764	47.82
1300.357	44.71
1301.95	51.98
1303.543	49.9
1305.135	39.51
1306.728	49.9
1308.32	44.71
1309.912	41.59
1311.503	46.78
1313.095	42.63
1314.686	41.59
1316.277	41.59
1317.868	36.39
1319.459	37.43
1321.05	39.51
1322.64	40.55
1324.23	36.39
1325.82	39.51
1327.41	42.63
1329	33.27
1330.589	41.59
1332.179	42.63
1333.768	31.19
1335.357	33.27
1336.945	31.19
1338.534	30.15
1340.122	28.07
1341.71	34.31
1343.298	37.43
1344.886	30.15
1346.473	30.15
1348.06	37.43
1349.648	29.11
1351.234	27.03
1352.821	30.15
1354.408	25.99
1355.994	23.91
1357.58	33.27
1359.166	29.11
1360.752	27.03
1362.337	20.79
1363.923	23.91
1365.508	19.75
1367.093	22.87
1368.677	16.63
1370.262	29.11
1371.846	21.83
1373.43	14.56
1375.014	23.91
1376.598	23.91
1378.181	31.19
1379.765	24.95
1381.348	28.07
1382.931	20.79
1384.513	20.79
1386.096	24.95
1387.678	17.67
1389.26	21.83
1390.842	25.99
1392.424	24.95
1394.005	28.07
1395.586	28.07
1397.168	24.95
1398.748	23.91
1400.329	29.11
1401.909	18.71
1403.49	29.11
1405.07	29.11
1406.649	25.99
1408.229	25.99
1409.808	33.27
1411.388	27.03
1412.967	30.15
1414.545	32.23
1416.124	35.35
1417.702	31.19
1419.28	33.27
1420.858	39.51
1422.436	39.51
1424.013	49.9
1425.591	49.9
1427.168	59.26
1428.745	55.1
1430.321	54.06
1431.898	60.3
1433.474	59.26
1435.05	69.66
1436.626	73.82
1438.201	93.57
1439.777	94.61
1441.352	101.89
1442.927	114.36
1444.501	129.96
1446.076	149.71
1447.65	166.35
1449.224	186.1
1450.798	205.85
1452.372	233.92
1453.945	259.92
1455.518	286.95
1457.091	327.49
1458.664	371.16
1460.236	417.94
1461.809	484.48
1463.381	549.98
1464.953	640.43
1466.524	797.42
1468.096	997.03
1469.667	1276.7
1471.238	1613.55
1472.809	1978.47
1474.379	2328.84
1475.949	2632.42
1477.519	2843.47
1479.089	2998.38
1480.659	3046.21
1482.228	3064.92
1483.798	3042.05
1485.366	3024.37
1486.935	3017.09
1488.504	3037.89
1490.072	3044.13
1491.64	3033.73
1493.208	3023.33
1494.776	2985.9
1496.343	2931.84
1497.91	2893.38
1499.477	2856.99
1501.044	2817.48
1502.61	2782.13
1504.176	2759.26
1505.742	2713.51
1507.308	2668.81
1508.874	2615.79
1510.439	2608.51
1512.004	2707.28
1513.569	3005.66
1515.134	3537.96
1516.698	4321.87
1518.262	5247.17
1519.826	6226.53
1521.39	7052.02
1522.953	7689.33
1524.517	8130.15
1526.08	8532.49
1527.642	8932.76
1529.205	9409.97
1530.767	9969.3
1532.329	10626.37
1533.891	11243.93
1535.453	11600.53
1537.014	11659.79
1538.575	11454.98
1540.136	11012.08
1541.697	10434.03
1543.257	9827.91
1544.817	9266.49
1546.377	8754.98
1547.937	8139.5
1549.497	7423.18
1551.056	6649.67
1552.615	5876.16
1554.174	5152.56
1555.732	4596.34
1557.29	4258.45
1558.848	4212.7
1560.406	4433.11
1561.964	4844.82
1563.521	5383.36
1565.078	5961.41
1566.635	6530.11
1568.192	7006.27
1569.748	7343.12
1571.304	7527.14
1572.86	7545.86
1574.416	7400.3
1575.971	7120.63
1577.526	6737
1579.081	6288.91
1580.636	5798.19
1582.19	5279.4
1583.744	4745.01
1585.298	4223.1
1586.852	3738.62
1588.405	3333.15
1589.958	2997.34
1591.511	2745.74
1593.064	2535.73
1594.616	2366.27
1596.169	2223.83
1597.721	2110.51
1599.272	2041.89
1600.824	2005.51
1602.375	2022.14
1603.926	2087.64
1605.477	2184.33
1607.027	2322.6
1608.577	2464
1610.127	2627.22
1611.677	2786.29
1613.226	2950.56
1614.775	3106.51
1616.324	3229.19
1617.873	3307.16
1619.422	3356.02
1620.97	3339.39
1622.518	3299.88
1624.065	3235.42
1625.613	3165.77
1627.16	3116.9
1628.707	3058.68
1630.253	2996.3
1631.8	2931.84
1633.346	2818.52
1634.892	2668.81
1636.438	2472.31
1637.983	2237.35
1639.528	1995.11
1641.073	1748.71
1642.618	1528.3
1644.162	1346.36
1645.706	1184.17
1647.25	1041.74
1648.793	919.06
1650.337	811.97
1651.88	712.17
1653.423	634.19
1654.965	564.54
1656.507	508.39
1658.049	465.77
1659.591	428.34
1661.133	402.35
1662.674	386.75
1664.215	372.2
1665.756	357.64
1667.296	355.56
1668.836	361.8
1670.376	360.76
1671.916	363.88
1673.455	363.88
1674.994	370.12
1676.533	380.52
1678.072	384.67
1679.61	398.19
1681.148	406.51
1682.686	417.94
1684.224	426.26
1685.761	446.01
1687.298	450.17
1688.835	464.73
1690.371	469.93
1691.907	486.56
1693.443	502.16
1694.979	511.51
1696.514	531.27
1698.049	544.78
1699.584	549.98
1701.119	572.85
1702.653	585.33
1704.187	600.92
1705.721	611.32
1707.255	626.92
1708.788	647.71
1710.321	660.18
