898.735	5279.4
900.365	5376.08
901.994	5456.14
903.623	5513.32
905.253	5607.93
906.882	5680.71
908.511	5782.59
910.14	5861.61
911.768	5980.13
913.397	6125.68
915.026	6300.34
916.654	6491.64
918.282	6761.95
919.911	7057.22
921.539	7399.26
923.167	7746.51
924.795	8081.28
926.422	8378.62
928.05	8638.54
929.678	8835.03
931.305	8989.94
932.932	9090.79
934.56	9156.29
936.187	9201
937.814	9242.58
939.44	9263.38
941.067	9284.17
942.694	9310.16
944.32	9320.56
945.947	9321.6
947.573	9309.12
949.199	9272.73
950.825	9240.5
952.451	9170.85
954.077	9100.15
955.703	9000.34
957.328	8917.17
958.954	8802.81
960.579	8724.83
962.204	8615.67
963.829	8511.7
965.454	8396.3
967.079	8294.41
968.704	8180.05
970.329	8086.48
971.953	7993.95
973.578	7915.98
975.202	7836.96
976.826	7774.58
978.45	7732.99
980.074	7666.46
981.698	7586.4
983.321	7472.04
984.945	7352.48
986.568	7213.16
988.191	7037.46
989.815	6852.4
991.438	6657.99
993.061	6487.48
994.683	6301.38
996.306	6119.44
997.929	5952.06
999.551	5797.15
1001.173	5670.31
1002.795	5570.5
1004.417	5498.76
1006.039	5460.3
1007.661	5460.3
1009.283	5487.33
1010.904	5513.32
1012.526	5521.64
1014.147	5479.01
1015.768	5392.72
1017.389	5241.97
1019.01	5048.59
1020.63	4838.58
1022.251	4628.57
1023.871	4422.72
1025.492	4258.45
1027.112	4135.77
1028.732	4023.49
1030.352	3913.28
1031.972	3806.2
1033.591	3718.87
1035.211	3634.65
1036.83	3528.61
1038.45	3427.76
1040.069	3301.96
1041.688	3184.48
1043.307	3044.13
1044.925	2920.41
1046.544	2777.97
1048.162	2651.13
1049.781	2533.65
1051.399	2431.77
1053.017	2328.84
1054.635	2249.83
1056.253	2166.65
1057.87	2099.07
1059.488	2021.1
1061.105	1948.32
1062.722	1883.86
1064.339	1825.64
1065.956	1752.87
1067.573	1698.81
1069.19	1644.74
1070.806	1596.92
1072.423	1551.17
1074.039	1509.59
1075.655	1463.84
1077.271	1428.49
1078.887	1388.99
1080.502	1353.64
1082.118	1318.29
1083.733	1281.9
1085.348	1247.59
1086.963	1216.4
1088.578	1174.82
1090.193	1144.67
1091.808	1122.83
1093.422	1085.41
1095.037	1049.02
1096.651	1025.11
1098.265	990.8
1099.879	958.57
1101.493	937.77
1103.106	895.15
1104.72	868.12
1106.333	850.44
1107.946	823.41
1109.559	803.66
1111.172	772.47
1112.785	747.52
1114.398	730.88
1116.01	701.77
1117.622	680.98
1119.234	654.99
1120.846	634.19
1122.458	609.24
1124.07	590.53
1125.681	571.81
1127.293	544.78
1128.904	530.23
1130.515	512.55
1132.126	492.8
1133.737	472.01
1135.347	452.25
1136.958	427.3
1138.568	406.51
1140.178	387.79
1141.788	378.44
1143.398	344.13
1145.008	332.69
1146.617	320.22
1148.227	301.5
1149.836	281.75
1151.445	272.39
1153.054	260.95
1154.663	251.6
1156.271	241.2
1157.88	229.76
1159.488	226.65
1161.096	214.17
1162.704	207.93
1164.312	205.85
1165.92	202.73
1167.527	188.18
1169.134	176.74
1170.741	173.62
1172.348	154.91
1173.955	146.59
1175.562	138.27
1177.168	119.56
1178.775	117.48
1180.381	108.12
1181.987	98.77
1183.593	98.77
1185.199	93.57
1186.804	94.61
1188.409	87.33
1190.015	93.57
1191.62	97.73
1193.225	99.81
1194.829	101.89
1196.434	109.16
1198.038	114.36
1199.642	118.52
1201.246	108.12
1202.85	110.2
1204.454	110.2
1206.057	108.12
1207.661	112.28
1209.264	110.2
1210.867	110.2
1212.47	106.05
1214.073	109.16
1215.675	110.2
1217.277	108.12
1218.88	100.85
1220.482	99.81
1222.083	103.97
1223.685	94.61
1225.287	99.81
1226.888	90.45
1228.489	86.29
1230.09	91.49
1231.691	86.29
1233.292	85.25
1234.892	87.33
1236.492	80.05
1238.092	76.93
1239.692	84.21
1241.292	76.93
1242.892	76.93
1244.491	79.01
1246.09	69.66
1247.689	66.54
1249.288	66.54
1250.887	65.5
1252.485	67.58
1254.084	63.42
1255.682	63.42
1257.28	55.1
1258.878	66.54
1260.475	58.22
1262.073	67.58
1263.67	70.7
1265.267	60.3
1266.864	56.14
1268.461	51.98
1270.057	57.18
1271.654	58.22
1273.25	50.94
1274.846	56.14
1276.442	46.78
1278.037	44.71
1279.633	49.9
1281.228	54.06
1282.823	46.78
1284.418	50.94
1286.013	45.75
1287.608	47.82
1289.202	40.55
1290.796	44.71
1292.39	40.55
1293.984	43.67
1295.577	40.55
1297.171	42.63
1298.764	33.27
1300.357	33.27
1301.95	40.55
1303.543	43.67
1305.135	35.35
1306.728	36.39
1308.32	40.55
1309.912	35.35
1311.503	39.51
1313.095	32.23
1314.686	35.35
1316.277	32.23
1317.868	28.07
1319.459	25.99
1321.05	30.15
1322.64	36.39
1324.23	29.11
1325.82	38.47
1327.41	29.11
1329	29.11
1330.589	37.43
1332.179	27.03
1333.768	24.95
1335.357	25.99
1336.945	27.03
1338.534	29.11
1340.122	23.91
1341.71	23.91
1343.298	27.03
1344.886	32.23
1346.473	23.91
1348.06	28.07
1349.648	20.79
1351.234	18.71
1352.821	30.15
1354.408	20.79
1355.994	21.83
1357.58	20.79
1359.166	27.03
1360.752	22.87
1362.337	20.79
1363.923	19.75
1365.508	19.75
1367.093	20.79
1368.677	21.83
1370.262	23.91
1371.846	20.79
1373.43	21.83
1375.014	17.67
1376.598	25.99
1378.181	23.91
1379.765	20.79
1381.348	31.19
1382.931	21.83
1384.513	24.95
1386.096	22.87
1387.678	16.63
1389.26	20.79
1390.842	21.83
1392.424	23.91
1394.005	29.11
1395.586	23.91
1397.168	17.67
1398.748	24.95
1400.329	25.99
1401.909	16.63
1403.49	24.95
1405.07	27.03
1406.649	24.95
1408.229	29.11
1409.808	25.99
1411.388	22.87
1412.967	31.19
1414.545	29.11
1416.124	34.31
1417.702	29.11
1419.28	32.23
1420.858	35.35
1422.436	34.31
1424.013	42.63
1425.591	47.82
1427.168	49.9
1428.745	47.82
1430.321	53.02
1431.898	55.1
1433.474	54.06
1435.05	63.42
1436.626	68.62
1438.201	74.86
1439.777	82.13
1441.352	91.49
1442.927	101.89
1444.501	115.4
1446.076	131
1447.65	142.43
1449.224	163.23
1450.798	178.82
1452.372	198.58
1453.945	221.45
1455.518	247.44
1457.091	274.47
1458.664	316.06
1460.236	349.33
1461.809	397.15
1463.381	449.13
1464.953	526.07
1466.524	631.07
1468.096	778.71
1469.667	977.28
1471.238	1212.24
1472.809	1481.52
1474.379	1748.71
1475.949	2000.31
1477.519	2176.01
1479.089	2304.93
1480.659	2357.95
1482.228	2374.58
1483.798	2368.35
1485.366	2350.67
1486.935	2340.28
1488.504	2351.71
1490.072	2349.63
1491.64	2339.24
1493.208	2329.88
1494.776	2312.2
1496.343	2266.46
1497.91	2240.47
1499.477	2216.56
1501.044	2183.29
1502.61	2157.3
1504.176	2137.54
1505.742	2102.19
1507.308	2063.73
1508.874	2027.34
1510.439	2004.47
1512.004	2064.77
1513.569	2239.43
1515.134	2567.96
1516.698	3071.16
1518.262	3673.12
1519.826	4327.07
1521.39	4889.52
1522.953	5345.93
1524.517	5664.07
1526.08	5957.25
1527.642	6232.76
1529.205	6563.38
1530.767	6935.58
1532.329	7361.84
1533.891	7773.54
1535.453	8026.18
1537.014	8089.6
1538.575	7980.43
1540.136	7712.2
1541.697	7344.16
1543.257	6959.49
1544.817	6565.46
1546.377	6216.13
1547.937	5789.87
1549.497	5285.63
1551.056	4749.17
1552.615	4228.3
1554.174	3743.82
1555.732	3385.13
1557.29	3188.64
1558.848	3188.64
1560.406	3391.37
1561.964	3720.94
1563.521	4140.97
1565.078	4594.26
1566.635	5038.19
1568.192	5407.27
1569.748	5674.47
1571.304	5824.18
1572.86	5847.05
1574.416	5734.77
1575.971	5523.72
1577.526	5204.54
1579.081	4845.86
1580.636	4445.59
1582.19	4038.04
1583.744	3613.86
1585.298	3198
1586.852	2836.19
1588.405	2530.53
1589.958	2279.98
1591.511	2074.12
1593.064	1917.13
1594.616	1786.14
1596.169	1683.21
1597.721	1594.84
1599.272	1538.7
1600.824	1514.79
1602.375	1512.71
1603.926	1553.25
1605.477	1614.59
1607.027	1704
1608.577	1795.49
1610.127	1892.18
1611.677	1995.11
1613.226	2091.8
1614.775	2184.33
1616.324	2251.9
1617.873	2288.29
1619.422	2302.85
1620.97	2283.09
1622.518	2245.67
1624.065	2207.2
1625.613	2148.98
1627.16	2110.51
1628.707	2060.61
1630.253	2006.54
1631.8	1951.44
1633.346	1874.51
1634.892	1763.26
1636.438	1626.03
1637.983	1474.24
1639.528	1312.05
1641.073	1166.5
1642.618	1031.34
1644.162	906.58
1645.706	805.74
1647.25	713.21
1648.793	634.19
1650.337	562.46
1651.88	500.08
1653.423	448.09
1654.965	402.35
1656.507	364.92
1658.049	341.01
1659.591	313.98
1661.133	303.58
1662.674	283.83
1664.215	274.47
1665.756	269.27
1667.296	261.99
1668.836	269.27
1670.376	267.19
1671.916	264.07
1673.455	271.35
1674.994	276.55
1676.533	277.59
1678.072	276.55
1679.61	293.18
1681.148	299.42
1682.686	309.82
1684.224	307.74
1685.761	318.14
1687.298	324.37
1688.835	331.65
1690.371	336.85
1691.907	350.37
1693.443	360.76
1694.979	363.88
1696.514	380.52
1698.049	390.91
1699.584	391.95
1701.119	400.27
1702.653	412.75
1704.187	420.02
1705.721	430.42
1707.255	438.74
1708.788	454.33
1710.321	464.73
