898.735	7583.28
900.365	7688.29
901.994	7794.33
903.623	7854.64
905.253	7970.04
906.882	8055.29
908.511	8169.65
910.14	8271.54
911.768	8410.85
913.397	8597.99
915.026	8805.92
916.654	9059.6
918.282	9413.09
919.911	9804
921.539	10259.37
923.167	10708.5
924.795	11155.56
926.422	11528.8
928.05	11859.41
929.678	12109.97
931.305	12295.03
932.932	12407.31
934.56	12474.89
936.187	12537.27
937.814	12575.73
939.44	12602.76
941.067	12651.63
942.694	12696.33
944.32	12736.88
945.947	12775.35
947.573	12796.14
949.199	12773.27
950.825	12733.76
952.451	12607.96
954.077	12445.78
955.703	12253.44
957.328	12054.86
958.954	11830.3
960.579	11660.83
962.204	11476.81
963.829	11317.74
965.454	11168.03
967.079	11045.35
968.704	10924.75
970.329	10847.82
971.953	10793.76
973.578	10816.63
975.202	10920.59
976.826	11132.68
978.45	11408.19
980.074	11626.52
981.698	11747.12
983.321	11755.44
984.945	11671.23
986.568	11487.21
988.191	11157.64
989.815	10752.17
991.438	10351.9
993.061	10012.97
994.683	9666.76
996.306	9346.55
997.929	9056.48
999.551	8846.47
1001.173	8754.98
1002.795	8764.34
1004.417	8937.96
1006.039	9303.92
1007.661	9860.14
1009.283	10565.03
1010.904	11296.95
1012.526	11861.49
1014.147	12118.28
1015.768	12057.98
1017.389	11650.44
1019.01	10982.97
1020.63	10166.84
1022.251	9342.39
1023.871	8658.29
1025.492	8161.33
1027.112	7853.6
1028.732	7622.79
1030.352	7413.82
1031.972	7229.8
1033.591	7090.48
1035.211	6937.65
1036.83	6739.08
1038.45	6484.36
1040.069	6161.03
1041.688	5820.02
1043.307	5412.47
1044.925	4990.37
1046.544	4564.11
1048.162	4189.83
1049.781	3868.58
1051.399	3630.49
1053.017	3416.32
1054.635	3237.5
1056.253	3067
1057.87	2919.37
1059.488	2765.5
1061.105	2615.79
1062.722	2488.95
1064.339	2370.43
1065.956	2258.14
1067.573	2162.49
1069.19	2076.2
1070.806	2004.47
1072.423	1931.69
1074.039	1870.35
1075.655	1818.37
1077.271	1763.26
1078.887	1715.44
1080.502	1673.85
1082.118	1624.99
1083.733	1585.48
1085.348	1536.62
1086.963	1501.27
1088.578	1452.41
1090.193	1416.02
1091.808	1378.59
1093.422	1339.08
1095.037	1298.54
1096.651	1253.83
1098.265	1211.2
1099.879	1170.66
1101.493	1137.39
1103.106	1097.88
1104.72	1057.33
1106.333	1030.3
1107.946	995.99
1109.559	966.88
1111.172	934.65
1112.785	898.27
1114.398	876.43
1116.01	845.24
1117.622	814.05
1119.234	785.98
1120.846	761.03
1122.458	727.76
1124.07	703.85
1125.681	682.02
1127.293	650.83
1128.904	619.64
1130.515	603
1132.126	582.21
1133.737	552.06
1135.347	540.62
1136.958	507.35
1138.568	487.6
1140.178	456.41
1141.788	434.58
1143.398	415.86
1145.008	386.75
1146.617	372.2
1148.227	365.96
1149.836	341.01
1151.445	320.22
1153.054	307.74
1154.663	297.34
1156.271	283.83
1157.88	272.39
1159.488	259.92
1161.096	251.6
1162.704	245.36
1164.312	239.12
1165.92	233.92
1167.527	223.53
1169.134	207.93
1170.741	195.46
1172.348	185.06
1173.955	176.74
1175.562	160.11
1177.168	143.47
1178.775	133.08
1180.381	126.84
1181.987	121.64
1183.593	113.32
1185.199	108.12
1186.804	108.12
1188.409	102.93
1190.015	110.2
1191.62	116.44
1193.225	120.6
1194.829	120.6
1196.434	123.72
1198.038	128.92
1199.642	135.16
1201.246	128.92
1202.85	133.08
1204.454	131
1206.057	131
1207.661	135.16
1209.264	131
1210.867	131
1212.47	124.76
1214.073	126.84
1215.675	122.68
1217.277	126.84
1218.88	121.64
1220.482	118.52
1222.083	126.84
1223.685	117.48
1225.287	118.52
1226.888	113.32
1228.489	106.05
1230.09	108.12
1231.691	102.93
1233.292	103.97
1234.892	101.89
1236.492	101.89
1238.092	99.81
1239.692	97.73
1241.292	93.57
1242.892	91.49
1244.491	98.77
1246.09	88.37
1247.689	83.17
1249.288	88.37
1250.887	86.29
1252.485	87.33
1254.084	82.13
1255.682	84.21
1257.28	75.9
1258.878	75.9
1260.475	74.86
1262.073	79.01
1263.67	83.17
1265.267	74.86
1266.864	68.62
1268.461	68.62
1270.057	69.66
1271.654	70.7
1273.25	66.54
1274.846	74.86
1276.442	55.1
1278.037	61.34
1279.633	64.46
1281.228	58.22
1282.823	58.22
1284.418	61.34
1286.013	64.46
1287.608	57.18
1289.202	56.14
1290.796	53.02
1292.39	47.82
1293.984	54.06
1295.577	49.9
1297.171	48.86
1298.764	49.9
1300.357	49.9
1301.95	46.78
1303.543	49.9
1305.135	54.06
1306.728	45.75
1308.32	47.82
1309.912	43.67
1311.503	45.75
1313.095	40.55
1314.686	40.55
1316.277	42.63
1317.868	31.19
1319.459	43.67
1321.05	44.71
1322.64	41.59
1324.23	42.63
1325.82	45.75
1327.41	41.59
1329	40.55
1330.589	46.78
1332.179	42.63
1333.768	27.03
1335.357	36.39
1336.945	30.15
1338.534	33.27
1340.122	32.23
1341.71	31.19
1343.298	37.43
1344.886	34.31
1346.473	34.31
1348.06	29.11
1349.648	31.19
1351.234	29.11
1352.821	35.35
1354.408	24.95
1355.994	25.99
1357.58	28.07
1359.166	31.19
1360.752	25.99
1362.337	21.83
1363.923	23.91
1365.508	19.75
1367.093	22.87
1368.677	24.95
1370.262	22.87
1371.846	22.87
1373.43	22.87
1375.014	23.91
1376.598	23.91
1378.181	28.07
1379.765	25.99
1381.348	31.19
1382.931	30.15
1384.513	22.87
1386.096	24.95
1387.678	19.75
1389.26	28.07
1390.842	27.03
1392.424	28.07
1394.005	24.95
1395.586	28.07
1397.168	27.03
1398.748	23.91
1400.329	30.15
1401.909	23.91
1403.49	33.27
1405.07	27.03
1406.649	25.99
1408.229	28.07
1409.808	35.35
1411.388	27.03
1412.967	30.15
1414.545	36.39
1416.124	33.27
1417.702	35.35
1419.28	36.39
1420.858	44.71
1422.436	42.63
1424.013	51.98
1425.591	50.94
1427.168	59.26
1428.745	56.14
1430.321	60.3
1431.898	63.42
1433.474	62.38
1435.05	70.7
1436.626	77.97
1438.201	89.41
1439.777	94.61
1441.352	101.89
1442.927	118.52
1444.501	132.04
1446.076	153.87
1447.65	166.35
1449.224	185.06
1450.798	203.77
1452.372	229.76
1453.945	252.64
1455.518	289.03
1457.091	322.29
1458.664	362.84
1460.236	410.67
1461.809	474.09
1463.381	542.7
1464.953	638.35
1466.524	788.06
1468.096	999.11
1469.667	1285.02
1471.238	1618.75
1472.809	1982.63
1474.379	2330.92
1475.949	2634.5
1477.519	2847.63
1479.089	2995.26
1480.659	3037.89
1482.228	3048.28
1483.798	3025.41
1485.366	3015.02
1486.935	3016.06
1488.504	3042.05
1490.072	3038.93
1491.64	3031.65
1493.208	3020.21
1494.776	2983.83
1496.343	2924.57
1497.91	2882.98
1499.477	2848.67
1501.044	2805
1502.61	2769.66
1504.176	2746.78
1505.742	2697.92
1507.308	2649.05
1508.874	2597.07
1510.439	2587.71
1512.004	2690.64
1513.569	2995.26
1515.134	3543.16
1516.698	4340.58
1518.262	5290.83
1519.826	6283.71
1521.39	7120.63
1522.953	7758.99
1524.517	8205
1526.08	8612.55
1527.642	9003.46
1529.205	9476.51
1530.767	10033.76
1532.329	10692.91
1533.891	11320.86
1535.453	11683.7
1537.014	11737.77
1538.575	11537.11
1540.136	11082.78
1541.697	10500.57
1543.257	9889.25
1544.817	9327.83
1546.377	8815.28
1547.937	8197.72
1549.497	7466.84
1551.056	6686.06
1552.615	5899.03
1554.174	5154.64
1555.732	4572.43
1557.29	4221.02
1558.848	4158.64
1560.406	4368.65
1561.964	4761.65
1563.521	5292.91
1565.078	5860.57
1566.635	6416.78
1568.192	6875.27
1569.748	7207.97
1571.304	7381.59
1572.86	7400.3
1574.416	7260.99
1575.971	6989.64
1577.526	6616.4
1579.081	6178.7
1580.636	5699.42
1582.19	5200.38
1583.744	4680.55
1585.298	4159.68
1586.852	3691.83
1588.405	3291.57
1589.958	2964.07
1591.511	2708.32
1593.064	2506.62
1594.616	2337.16
1596.169	2209.28
1597.721	2093.88
1599.272	2029.42
1600.824	1988.87
1602.375	2007.58
1603.926	2075.16
1605.477	2185.37
1607.027	2326.76
1608.577	2479.59
1610.127	2657.37
1611.677	2825.8
1613.226	3006.7
1614.775	3170.96
1616.324	3305.08
1617.873	3406.97
1619.422	3455.83
1620.97	3447.51
1622.518	3405.93
1624.065	3347.71
1625.613	3270.77
1627.16	3216.71
1628.707	3146.01
1630.253	3091.95
1631.8	3021.25
1633.346	2914.17
1634.892	2763.42
1636.438	2554.45
1637.983	2318.44
1639.528	2054.37
1641.073	1796.53
1642.618	1571.97
1644.162	1374.43
1645.706	1211.2
1647.25	1065.65
1648.793	937.77
1650.337	826.53
1651.88	724.64
1653.423	647.71
1654.965	572.85
1656.507	516.71
1658.049	472.01
1659.591	430.42
1661.133	409.63
1662.674	384.67
1664.215	371.16
1665.756	363.88
1667.296	353.48
1668.836	355.56
1670.376	364.92
1671.916	357.64
1673.455	362.84
1674.994	365.96
1676.533	372.2
1678.072	380.52
1679.61	395.07
1681.148	407.55
1682.686	417.94
1684.224	417.94
1685.761	440.82
1687.298	447.05
1688.835	464.73
1690.371	469.93
1691.907	486.56
1693.443	498
1694.979	503.2
1696.514	527.11
1698.049	538.54
1699.584	545.82
1701.119	560.38
1702.653	579.09
1704.187	594.69
1705.721	609.24
1707.255	625.88
1708.788	641.47
1710.321	659.14
