898.735	3678.32
900.365	3752.13
901.994	3824.91
903.623	3887.29
905.253	3963.19
906.882	4017.25
908.511	4083.79
910.14	4132.65
911.768	4195.03
913.397	4260.53
915.026	4333.3
916.654	4428.95
918.282	4560.99
919.911	4725.26
921.539	4897.84
923.167	5076.66
924.795	5267.96
926.422	5419.75
928.05	5553.87
929.678	5658.87
931.305	5719.17
932.932	5749.32
934.56	5749.32
936.187	5736.85
937.814	5710.86
939.44	5685.9
941.067	5640.16
942.694	5602.73
944.32	5551.79
945.947	5494.61
947.573	5430.15
949.199	5352.17
950.825	5257.56
952.451	5148.4
954.077	5025.72
955.703	4874.97
957.328	4739.81
958.954	4581.78
960.579	4441.43
962.204	4300.04
963.829	4160.72
965.454	4026.61
967.079	3922.64
968.704	3820.75
970.329	3738.62
971.953	3678.32
973.578	3630.49
975.202	3602.42
976.826	3601.38
978.45	3605.54
980.074	3602.42
981.698	3596.19
983.321	3562.92
984.945	3523.41
986.568	3483.9
988.191	3412.17
989.815	3330.03
991.438	3247.9
993.061	3186.56
994.683	3099.23
996.306	3027.49
997.929	2957.83
999.551	2913.13
1001.173	2882.98
1002.795	2869.46
1004.417	2882.98
1006.039	2919.37
1007.661	3001.5
1009.283	3097.15
1010.904	3191.76
1012.526	3277.01
1014.147	3319.64
1015.768	3298.84
1017.389	3234.38
1019.01	3125.22
1020.63	2982.79
1022.251	2835.15
1023.871	2712.47
1025.492	2604.35
1027.112	2539.89
1028.732	2478.55
1030.352	2428.65
1031.972	2372.51
1033.591	2331.96
1035.211	2282.05
1036.83	2238.39
1038.45	2173.93
1040.069	2087.64
1041.688	2015.9
1043.307	1922.33
1044.925	1825.64
1046.544	1722.72
1048.162	1630.19
1049.781	1547.01
1051.399	1481.52
1053.017	1418.1
1054.635	1364.03
1056.253	1317.25
1057.87	1267.35
1059.488	1227.84
1061.105	1182.09
1062.722	1138.43
1064.339	1106.2
1065.956	1070.85
1067.573	1031.34
1069.19	1001.19
1070.806	972.08
1072.423	936.73
1074.039	918.02
1075.655	894.11
1077.271	853.56
1078.887	837.97
1080.502	813.01
1082.118	788.06
1083.733	769.35
1085.348	747.52
1086.963	724.64
1088.578	699.69
1090.193	683.06
1091.808	656.03
1093.422	636.27
1095.037	624.84
1096.651	596.77
1098.265	574.93
1099.879	558.3
1101.493	536.46
1103.106	518.79
1104.72	505.28
1106.333	484.48
1107.946	466.81
1109.559	451.21
1111.172	437.7
1112.785	424.18
1114.398	405.47
1116.01	395.07
1117.622	382.6
1119.234	367
1120.846	351.41
1122.458	333.73
1124.07	328.53
1125.681	315.02
1127.293	304.62
1128.904	291.1
1130.515	274.47
1132.126	265.11
1133.737	250.56
1135.347	244.32
1136.958	219.37
1138.568	216.25
1140.178	208.97
1141.788	199.61
1143.398	184.02
1145.008	178.82
1146.617	159.07
1148.227	149.71
1149.836	144.51
1151.445	127.88
1153.054	125.8
1154.663	121.64
1156.271	105.01
1157.88	106.05
1159.488	105.01
1161.096	92.53
1162.704	90.45
1164.312	80.05
1165.92	82.13
1167.527	76.93
1169.134	80.05
1170.741	69.66
1172.348	77.97
1173.955	65.5
1175.562	63.42
1177.168	66.54
1178.775	67.58
1180.381	57.18
1181.987	62.38
1183.593	62.38
1185.199	65.5
1186.804	56.14
1188.409	55.1
1190.015	53.02
1191.62	54.06
1193.225	44.71
1194.829	53.02
1196.434	51.98
1198.038	45.75
1199.642	49.9
1201.246	55.1
1202.85	45.75
1204.454	48.86
1206.057	40.55
1207.661	41.59
1209.264	45.75
1210.867	44.71
1212.47	39.51
1214.073	39.51
1215.675	35.35
1217.277	42.63
1218.88	34.31
1220.482	40.55
1222.083	34.31
1223.685	38.47
1225.287	38.47
1226.888	41.59
1228.489	38.47
1230.09	38.47
1231.691	29.11
1233.292	35.35
1234.892	31.19
1236.492	33.27
1238.092	36.39
1239.692	31.19
1241.292	34.31
1242.892	33.27
1244.491	33.27
1246.09	31.19
1247.689	28.07
1249.288	34.31
1250.887	28.07
1252.485	27.03
1254.084	36.39
1255.682	31.19
1257.28	29.11
1258.878	31.19
1260.475	33.27
1262.073	31.19
1263.67	33.27
1265.267	34.31
1266.864	25.99
1268.461	37.43
1270.057	20.79
1271.654	23.91
1273.25	24.95
1274.846	20.79
1276.442	22.87
1278.037	16.63
1279.633	23.91
1281.228	25.99
1282.823	20.79
1284.418	25.99
1286.013	31.19
1287.608	20.79
1289.202	20.79
1290.796	23.91
1292.39	21.83
1293.984	23.91
1295.577	18.71
1297.171	24.95
1298.764	20.79
1300.357	21.83
1301.95	12.48
1303.543	24.95
1305.135	15.59
1306.728	27.03
1308.32	21.83
1309.912	17.67
1311.503	23.91
1313.095	22.87
1314.686	17.67
1316.277	20.79
1317.868	18.71
1319.459	11.44
1321.05	11.44
1322.64	18.71
1324.23	12.48
1325.82	21.83
1327.41	15.59
1329	15.59
1330.589	16.63
1332.179	15.59
1333.768	17.67
1335.357	20.79
1336.945	21.83
1338.534	17.67
1340.122	12.48
1341.71	10.4
1343.298	9.36
1344.886	15.59
1346.473	12.48
1348.06	17.67
1349.648	15.59
1351.234	14.56
1352.821	18.71
1354.408	14.56
1355.994	12.48
1357.58	18.71
1359.166	8.32
1360.752	11.44
1362.337	9.36
1363.923	10.4
1365.508	13.52
1367.093	15.59
1368.677	10.4
1370.262	10.4
1371.846	10.4
1373.43	8.32
1375.014	7.28
1376.598	18.71
1378.181	15.59
1379.765	12.48
1381.348	11.44
1382.931	11.44
1384.513	9.36
1386.096	10.4
1387.678	9.36
1389.26	18.71
1390.842	14.56
1392.424	10.4
1394.005	10.4
1395.586	13.52
1397.168	11.44
1398.748	12.48
1400.329	8.32
1401.909	8.32
1403.49	16.63
1405.07	16.63
1406.649	13.52
1408.229	14.56
1409.808	15.59
1411.388	15.59
1412.967	10.4
1414.545	11.44
1416.124	13.52
1417.702	8.32
1419.28	11.44
1420.858	12.48
1422.436	8.32
1424.013	8.32
1425.591	6.24
1427.168	17.67
1428.745	11.44
1430.321	11.44
1431.898	7.28
1433.474	11.44
1435.05	16.63
1436.626	12.48
1438.201	11.44
1439.777	20.79
1441.352	12.48
1442.927	12.48
1444.501	13.52
1446.076	14.56
1447.65	9.36
1449.224	16.63
1450.798	17.67
1452.372	13.52
1453.945	15.59
1455.518	13.52
1457.091	22.87
1458.664	15.59
1460.236	14.56
1461.809	14.56
1463.381	20.79
1464.953	18.71
1466.524	14.56
1468.096	28.07
1469.667	27.03
1471.238	30.15
1472.809	35.35
1474.379	37.43
1475.949	44.71
1477.519	51.98
1479.089	48.86
1480.659	54.06
1482.228	50.94
1483.798	44.71
1485.366	46.78
1486.935	54.06
1488.504	54.06
1490.072	57.18
1491.64	51.98
1493.208	49.9
1494.776	58.22
1496.343	49.9
1497.91	50.94
1499.477	53.02
1501.044	56.14
1502.61	68.62
1504.176	70.7
1505.742	76.93
1507.308	82.13
1508.874	82.13
1510.439	80.05
1512.004	76.93
1513.569	74.86
1515.134	86.29
1516.698	84.21
1518.262	93.57
1519.826	105.01
1521.39	115.4
1522.953	123.72
1524.517	136.2
1526.08	132.04
1527.642	138.27
1529.205	152.83
1530.767	169.46
1532.329	173.62
1533.891	188.18
1535.453	198.58
1537.014	196.5
1538.575	194.42
1540.136	199.61
1541.697	191.3
1543.257	194.42
1544.817	185.06
1546.377	179.86
1547.937	171.54
1549.497	156.99
1551.056	150.75
1552.615	131
1554.174	115.4
1555.732	114.36
1557.29	106.05
1558.848	106.05
1560.406	110.2
1561.964	128.92
1563.521	149.71
1565.078	167.39
1566.635	181.94
1568.192	199.61
1569.748	213.13
1571.304	223.53
1572.86	227.69
1574.416	229.76
1575.971	224.57
1577.526	223.53
1579.081	210.01
1580.636	201.69
1582.19	180.9
1583.744	171.54
1585.298	163.23
1586.852	143.47
1588.405	128.92
1589.958	122.68
1591.511	112.28
1593.064	109.16
1594.616	103.97
1596.169	101.89
1597.721	98.77
1599.272	97.73
1600.824	108.12
1602.375	116.44
1603.926	121.64
1605.477	137.24
1607.027	150.75
1608.577	169.46
1610.127	173.62
1611.677	195.46
1613.226	211.05
1614.775	221.45
1616.324	233.92
1617.873	243.28
1619.422	253.68
1620.97	254.72
1622.518	254.72
1624.065	248.48
1625.613	252.64
1627.16	256.8
1628.707	253.68
1630.253	250.56
1631.8	249.52
1633.346	245.36
1634.892	241.2
1636.438	232.88
1637.983	222.49
1639.528	203.77
1641.073	192.34
1642.618	188.18
1644.162	173.62
1645.706	169.46
1647.25	167.39
1648.793	165.31
1650.337	156.99
1651.88	146.59
1653.423	150.75
1654.965	158.03
1656.507	152.83
1658.049	143.47
1659.591	144.51
1661.133	156.99
1662.674	156.99
1664.215	160.11
1665.756	160.11
1667.296	155.95
1668.836	163.23
1670.376	174.66
1671.916	169.46
1673.455	177.78
1674.994	178.82
1676.533	192.34
1678.072	187.14
1679.61	189.22
1681.148	197.54
1682.686	208.97
1684.224	204.81
1685.761	204.81
1687.298	211.05
1688.835	218.33
1690.371	234.96
1691.907	233.92
1693.443	236
1694.979	254.72
1696.514	256.8
1698.049	256.8
1699.584	261.99
1701.119	272.39
1702.653	283.83
1704.187	279.67
1705.721	299.42
1707.255	309.82
1708.788	313.98
1710.321	319.18
