898.735	18941.57
900.365	19527.94
901.994	20119.51
903.623	20626.86
905.253	21190.36
906.882	21655.09
908.511	22146.85
910.14	22568.95
911.768	23053.43
913.397	23619.01
915.026	24291.67
916.654	25079.73
918.282	26153.7
919.911	27375.3
921.539	28790.28
923.167	30175.11
924.795	31582.81
926.422	32886.54
928.05	34057.2
929.678	35063.59
931.305	35850.61
932.932	36462.97
934.56	36928.74
936.187	37383.07
937.814	37763.59
939.44	38166.98
941.067	38547.49
942.694	39008.06
944.32	39462.39
945.947	39924
947.573	40279.57
949.199	40464.63
950.825	40528.05
952.451	40373.14
954.077	40040.45
955.703	39511.26
957.328	38972.71
958.954	38318.77
960.579	37793.74
962.204	37285.34
963.829	36960.97
965.454	36676.1
967.079	36471.29
968.704	36247.76
970.329	36112.61
971.953	36078.3
973.578	36300.79
975.202	36932.9
976.826	37947.61
978.45	38719.04
980.074	39184.8
981.698	39355.31
983.321	39288.77
984.945	39423.93
986.568	39307.48
988.191	38484.07
989.815	37397.63
991.438	36445.3
993.061	35807.99
994.683	35357.81
996.306	35030.32
997.929	34458.51
999.551	33978.18
1001.173	33876.3
1002.795	34103.98
1004.417	35023.04
1006.039	36918.34
1007.661	40080.99
1009.283	43954.77
1010.904	47740.17
1012.526	50297.74
1014.147	51524.54
1015.768	51714.79
1017.389	50838.36
1019.01	48852.61
1020.63	45544.41
1022.251	41489.73
1023.871	37658.58
1025.492	34734.02
1027.112	32980.11
1028.732	31728.36
1030.352	30929.9
1031.972	30348.73
1033.591	30035.79
1035.211	29521.16
1036.83	28619.77
1038.45	27440.8
1040.069	26126.67
1041.688	24737.68
1043.307	23154.28
1044.925	21312
1046.544	19300.26
1048.162	17434.07
1049.781	15952.55
1051.399	14806.84
1053.017	13895.06
1054.635	13135.07
1056.253	12452.01
1057.87	11818.86
1059.488	11213.78
1061.105	10645.08
1062.722	10124.21
1064.339	9641.81
1065.956	9175
1067.573	8793.45
1069.19	8425.41
1070.806	8118.71
1072.423	7833.84
1074.039	7591.6
1075.655	7361.84
1077.271	7154.94
1078.887	6952.21
1080.502	6758.83
1082.118	6577.93
1083.733	6405.35
1085.348	6210.93
1086.963	6037.31
1088.578	5864.72
1090.193	5695.26
1091.808	5521.64
1093.422	5363.61
1095.037	5187.91
1096.651	5030.92
1098.265	4870.81
1099.879	4716.94
1101.493	4553.71
1103.106	4401.92
1104.72	4252.21
1106.333	4122.25
1107.946	3979.82
1109.559	3852.98
1111.172	3736.54
1112.785	3624.26
1114.398	3507.81
1116.01	3396.57
1117.622	3285.33
1119.234	3183.44
1120.846	3069.08
1122.458	2972.39
1124.07	2876.74
1125.681	2775.89
1127.293	2670.89
1128.904	2549.25
1130.515	2422.41
1132.126	2293.49
1133.737	2164.57
1135.347	2082.44
1136.958	2006.54
1138.568	1954.56
1140.178	1898.42
1141.788	1863.07
1143.398	1837.08
1145.008	1815.25
1146.617	1790.3
1148.227	1734.15
1149.836	1676.97
1151.445	1628.11
1153.054	1570.93
1154.663	1519.98
1156.271	1458.64
1157.88	1421.22
1159.488	1364.03
1161.096	1324.53
1162.704	1276.7
1164.312	1237.2
1165.92	1193.53
1167.527	1157.14
1169.134	1118.67
1170.741	1080.21
1172.348	1042.78
1173.955	1010.55
1175.562	981.44
1177.168	946.09
1178.775	923.22
1180.381	889.95
1181.987	858.76
1183.593	840.05
1185.199	814.05
1186.804	785.98
1188.409	764.15
1190.015	748.56
1191.62	722.56
1193.225	705.93
1194.829	674.74
1196.434	661.22
1198.038	642.51
1199.642	620.68
1201.246	605.08
1202.85	581.17
1204.454	571.81
1206.057	554.14
1207.661	536.46
1209.264	516.71
1210.867	498
1212.47	490.72
1214.073	474.09
1215.675	460.57
1217.277	444.97
1218.88	436.66
1220.482	424.18
1222.083	414.82
1223.685	412.75
1225.287	400.27
1226.888	390.91
1228.489	394.03
1230.09	377.4
1231.691	363.88
1233.292	365.96
1234.892	353.48
1236.492	345.17
1238.092	339.97
1239.692	324.37
1241.292	319.18
1242.892	310.86
1244.491	294.22
1246.09	295.26
1247.689	286.95
1249.288	278.63
1250.887	275.51
1252.485	259.92
1254.084	259.92
1255.682	257.84
1257.28	251.6
1258.878	234.96
1260.475	232.88
1262.073	225.61
1263.67	223.53
1265.267	224.57
1266.864	207.93
1268.461	212.09
1270.057	201.69
1271.654	203.77
1273.25	199.61
1274.846	197.54
1276.442	191.3
1278.037	191.3
1279.633	185.06
1281.228	178.82
1282.823	178.82
1284.418	168.43
1286.013	172.58
1287.608	170.5
1289.202	164.27
1290.796	163.23
1292.39	158.03
1293.984	153.87
1295.577	151.79
1297.171	148.67
1298.764	149.71
1300.357	140.35
1301.95	138.27
1303.543	139.31
1305.135	128.92
1306.728	137.24
1308.32	126.84
1309.912	126.84
1311.503	122.68
1313.095	122.68
1314.686	118.52
1316.277	122.68
1317.868	111.24
1319.459	101.89
1321.05	103.97
1322.64	108.12
1324.23	92.53
1325.82	93.57
1327.41	90.45
1329	80.05
1330.589	69.66
1332.179	61.34
1333.768	62.38
1335.357	60.3
1336.945	51.98
1338.534	45.75
1340.122	41.59
1341.71	40.55
1343.298	38.47
1344.886	40.55
1346.473	39.51
1348.06	38.47
1349.648	31.19
1351.234	27.03
1352.821	35.35
1354.408	29.11
1355.994	35.35
1357.58	20.79
1359.166	20.79
1360.752	33.27
1362.337	31.19
1363.923	27.03
1365.508	23.91
1367.093	29.11
1368.677	21.83
1370.262	20.79
1371.846	21.83
1373.43	25.99
1375.014	22.87
1376.598	18.71
1378.181	23.91
1379.765	27.03
1381.348	28.07
1382.931	33.27
1384.513	33.27
1386.096	27.03
1387.678	37.43
1389.26	39.51
1390.842	42.63
1392.424	44.71
1394.005	49.9
1395.586	50.94
1397.168	56.14
1398.748	49.9
1400.329	66.54
1401.909	70.7
1403.49	79.01
1405.07	92.53
1406.649	106.05
1408.229	118.52
1409.808	120.6
1411.388	122.68
1412.967	124.76
1414.545	124.76
1416.124	111.24
1417.702	99.81
1419.28	91.49
1420.858	79.01
1422.436	68.62
1424.013	67.58
1425.591	60.3
1427.168	58.22
1428.745	47.82
1430.321	54.06
1431.898	55.1
1433.474	48.86
1435.05	51.98
1436.626	49.9
1438.201	46.78
1439.777	57.18
1441.352	55.1
1442.927	58.22
1444.501	49.9
1446.076	60.3
1447.65	50.94
1449.224	65.5
1450.798	61.34
1452.372	70.7
1453.945	70.7
1455.518	71.74
1457.091	90.45
1458.664	85.25
1460.236	83.17
1461.809	95.65
1463.381	103.97
1464.953	116.44
1466.524	138.27
1468.096	166.35
1469.667	206.89
1471.238	259.92
1472.809	320.22
1474.379	361.8
1475.949	401.31
1477.519	432.5
1479.089	470.97
1480.659	495.92
1482.228	512.55
1483.798	527.11
1485.366	540.62
1486.935	572.85
1488.504	611.32
1490.072	638.35
1491.64	676.82
1493.208	725.68
1494.776	777.67
1496.343	836.93
1497.91	885.79
1499.477	931.54
1501.044	1002.23
1502.61	1106.2
1504.176	1213.28
1505.742	1303.73
1507.308	1381.71
1508.874	1513.75
1510.439	1740.39
1512.004	2135.46
1513.569	2888.18
1515.134	4208.55
1516.698	6167.27
1518.262	8467
1519.826	10633.65
1521.39	12344.93
1522.953	13635.15
1524.517	14766.3
1526.08	16045.08
1527.642	17289.55
1529.205	18320.9
1530.767	18667.1
1532.329	18708.69
1533.891	18826.17
1535.453	19029.95
1537.014	18874
1538.575	18170.15
1540.136	17020.28
1541.697	15792.44
1543.257	14777.73
1544.817	13922.09
1546.377	13110.12
1547.937	12296.06
1549.497	11667.07
1551.056	11059.91
1552.615	10263.53
1554.174	9313.28
1555.732	8522.1
1557.29	8238.27
1558.848	8556.41
1560.406	9479.62
1561.964	11028.72
1563.521	13124.67
1565.078	15484.7
1566.635	17798.99
1568.192	19911.58
1569.748	21926.44
1571.304	23893.48
1572.86	25677.54
1574.416	26836.76
1575.971	27085.24
1577.526	26417.77
1579.081	25199.29
1580.636	23667.87
1582.19	21841.19
1583.744	19635.03
1585.298	17052.51
1586.852	14428.41
1588.405	12045.51
1589.958	10161.64
1591.511	8796.57
1593.064	7840.08
1594.616	7132.07
1596.169	6639.27
1597.721	6363.76
1599.272	6338.81
1600.824	6585.21
1602.375	7055.14
1603.926	7672.69
1605.477	8393.18
1607.027	9083.51
1608.577	9649.09
1610.127	10017.13
1611.677	10190.75
1613.226	10215.7
1614.775	10099.26
1616.324	9833.11
1617.873	9415.17
1619.422	8880.78
1620.97	8281.94
1622.518	7778.74
1624.065	7363.92
1625.613	7065.53
1627.16	6822.25
1628.707	6581.05
1630.253	6348.17
1631.8	6125.68
1633.346	5910.47
1634.892	5678.63
1636.438	5359.45
1637.983	4932.15
1639.528	4433.11
1641.073	3913.28
1642.618	3464.15
1644.162	3089.87
1645.706	2788.37
1647.25	2524.3
1648.793	2268.54
1650.337	2021.1
1651.88	1798.61
1653.423	1586.52
1654.965	1399.38
1656.507	1247.59
1658.049	1119.71
1659.591	1018.87
1661.133	931.54
1662.674	867.08
1664.215	803.66
1665.756	767.27
1667.296	729.84
1668.836	719.45
1670.376	694.49
1671.916	679.94
1673.455	674.74
1674.994	671.62
1676.533	671.62
1678.072	680.98
1679.61	692.41
1681.148	688.26
1682.686	704.89
1684.224	717.37
1685.761	734
1687.298	747.52
1688.835	767.27
1690.371	789.1
1691.907	808.86
1693.443	830.69
1694.979	854.6
1696.514	887.87
1698.049	919.06
1699.584	944.01
1701.119	976.24
1702.653	1000.15
1704.187	1030.3
1705.721	1073.97
1707.255	1101
1708.788	1124.91
1710.321	1161.3
