898.735	4946.7
900.365	5046.51
901.994	5144.24
903.623	5221.18
905.253	5319.94
906.882	5392.72
908.511	5475.89
910.14	5539.31
911.768	5618.33
913.397	5704.62
915.026	5805.46
916.654	5923.99
918.282	6114.24
919.911	6321.14
921.539	6565.46
923.167	6796.26
924.795	7032.26
926.422	7215.24
928.05	7378.47
929.678	7482.44
931.305	7536.5
932.932	7555.21
934.56	7527.14
936.187	7490.75
937.814	7434.61
939.44	7357.68
941.067	7290.1
942.694	7189.25
944.32	7091.52
945.947	6980.28
947.573	6852.4
949.199	6718.29
950.825	6586.25
952.451	6427.18
954.077	6262.91
955.703	6078.89
957.328	5904.23
958.954	5716.05
960.579	5552.83
962.204	5355.29
963.829	5183.75
965.454	5000.77
967.079	4847.94
968.704	4698.23
970.329	4571.39
971.953	4461.18
973.578	4369.69
975.202	4260.53
976.826	4175.28
978.45	4088.98
980.074	3991.26
981.698	3894.57
983.321	3806.2
984.945	3712.63
986.568	3634.65
988.191	3535.89
989.815	3455.83
991.438	3370.58
993.061	3298.84
994.683	3220.87
996.306	3143.93
997.929	3070.12
999.551	2995.26
1001.173	2923.53
1002.795	2856.99
1004.417	2806.04
1006.039	2739.51
1007.661	2681.28
1009.283	2625.14
1010.904	2562.76
1012.526	2503.5
1014.147	2443.2
1015.768	2386.02
1017.389	2323.64
1019.01	2273.74
1020.63	2231.11
1022.251	2176.01
1023.871	2130.26
1025.492	2080.36
1027.112	2045.01
1028.732	2005.51
1030.352	1957.68
1031.972	1910.9
1033.591	1872.43
1035.211	1833.96
1036.83	1796.53
1038.45	1759.11
1040.069	1712.32
1041.688	1679.05
1043.307	1646.82
1044.925	1602.12
1046.544	1562.61
1048.162	1528.3
1049.781	1488.79
1051.399	1449.29
1053.017	1417.06
1054.635	1383.79
1056.253	1341.16
1057.87	1315.17
1059.488	1285.02
1061.105	1248.63
1062.722	1222.64
1064.339	1188.33
1065.956	1157.14
1067.573	1119.71
1069.19	1092.68
1070.806	1064.61
1072.423	1032.38
1074.039	1008.47
1075.655	976.24
1077.271	948.17
1078.887	922.18
1080.502	888.91
1082.118	866.04
1083.733	841.09
1085.348	814.05
1086.963	792.22
1088.578	761.03
1090.193	741.28
1091.808	717.37
1093.422	695.53
1095.037	669.54
1096.651	646.67
1098.265	630.03
1099.879	608.2
1101.493	589.49
1103.106	564.54
1104.72	546.86
1106.333	528.15
1107.946	512.55
1109.559	488.64
1111.172	473.05
1112.785	456.41
1114.398	436.66
1116.01	423.14
1117.622	407.55
1119.234	386.75
1120.846	382.6
1122.458	368.04
1124.07	343.09
1125.681	337.89
1127.293	324.37
1128.904	315.02
1130.515	290.07
1132.126	283.83
1133.737	274.47
1135.347	261.99
1136.958	244.32
1138.568	233.92
1140.178	225.61
1141.788	201.69
1143.398	194.42
1145.008	180.9
1146.617	172.58
1148.227	154.91
1149.836	153.87
1151.445	141.39
1153.054	131
1154.663	118.52
1156.271	115.4
1157.88	111.24
1159.488	101.89
1161.096	91.49
1162.704	99.81
1164.312	83.17
1165.92	85.25
1167.527	79.01
1169.134	75.9
1170.741	86.29
1172.348	74.86
1173.955	66.54
1175.562	68.62
1177.168	62.38
1178.775	73.82
1180.381	64.46
1181.987	66.54
1183.593	59.26
1185.199	62.38
1186.804	55.1
1188.409	57.18
1190.015	50.94
1191.62	59.26
1193.225	48.86
1194.829	54.06
1196.434	47.82
1198.038	49.9
1199.642	40.55
1201.246	44.71
1202.85	39.51
1204.454	44.71
1206.057	41.59
1207.661	43.67
1209.264	43.67
1210.867	41.59
1212.47	38.47
1214.073	37.43
1215.675	32.23
1217.277	41.59
1218.88	37.43
1220.482	40.55
1222.083	33.27
1223.685	38.47
1225.287	39.51
1226.888	33.27
1228.489	35.35
1230.09	23.91
1231.691	33.27
1233.292	36.39
1234.892	28.07
1236.492	29.11
1238.092	31.19
1239.692	31.19
1241.292	25.99
1242.892	33.27
1244.491	27.03
1246.09	31.19
1247.689	24.95
1249.288	25.99
1250.887	19.75
1252.485	23.91
1254.084	27.03
1255.682	24.95
1257.28	19.75
1258.878	24.95
1260.475	19.75
1262.073	17.67
1263.67	16.63
1265.267	20.79
1266.864	21.83
1268.461	22.87
1270.057	20.79
1271.654	21.83
1273.25	19.75
1274.846	24.95
1276.442	21.83
1278.037	25.99
1279.633	16.63
1281.228	22.87
1282.823	17.67
1284.418	20.79
1286.013	11.44
1287.608	21.83
1289.202	18.71
1290.796	17.67
1292.39	14.56
1293.984	17.67
1295.577	14.56
1297.171	16.63
1298.764	18.71
1300.357	18.71
1301.95	19.75
1303.543	28.07
1305.135	11.44
1306.728	17.67
1308.32	19.75
1309.912	15.59
1311.503	19.75
1313.095	17.67
1314.686	15.59
1316.277	15.59
1317.868	14.56
1319.459	8.32
1321.05	18.71
1322.64	20.79
1324.23	9.36
1325.82	15.59
1327.41	12.48
1329	11.44
1330.589	12.48
1332.179	10.4
1333.768	15.59
1335.357	10.4
1336.945	10.4
1338.534	11.44
1340.122	17.67
1341.71	11.44
1343.298	13.52
1344.886	12.48
1346.473	11.44
1348.06	6.24
1349.648	17.67
1351.234	9.36
1352.821	9.36
1354.408	13.52
1355.994	9.36
1357.58	12.48
1359.166	8.32
1360.752	12.48
1362.337	8.32
1363.923	15.59
1365.508	11.44
1367.093	12.48
1368.677	13.52
1370.262	17.67
1371.846	6.24
1373.43	12.48
1375.014	5.2
1376.598	8.32
1378.181	13.52
1379.765	12.48
1381.348	9.36
1382.931	10.4
1384.513	5.2
1386.096	13.52
1387.678	15.59
1389.26	12.48
1390.842	4.16
1392.424	15.59
1394.005	12.48
1395.586	12.48
1397.168	16.63
1398.748	12.48
1400.329	7.28
1401.909	15.59
1403.49	5.2
1405.07	7.28
1406.649	10.4
1408.229	7.28
1409.808	3.12
1411.388	13.52
1412.967	5.2
1414.545	10.4
1416.124	5.2
1417.702	-1.04
1419.28	13.52
1420.858	10.4
1422.436	9.36
1424.013	10.4
1425.591	13.52
1427.168	6.24
1428.745	10.4
1430.321	15.59
1431.898	6.24
1433.474	10.4
1435.05	12.48
1436.626	17.67
1438.201	10.4
1439.777	8.32
1441.352	14.56
1442.927	17.67
1444.501	5.2
1446.076	20.79
1447.65	15.59
1449.224	18.71
1450.798	23.91
1452.372	21.83
1453.945	22.87
1455.518	24.95
1457.091	30.15
1458.664	23.91
1460.236	30.15
1461.809	25.99
1463.381	43.67
1464.953	54.06
1466.524	50.94
1468.096	69.66
1469.667	87.33
1471.238	115.4
1472.809	134.12
1474.379	161.15
1475.949	180.9
1477.519	201.69
1479.089	212.09
1480.659	222.49
1482.228	221.45
1483.798	221.45
1485.366	228.73
1486.935	231.84
1488.504	237.04
1490.072	247.44
1491.64	245.36
1493.208	257.84
1494.776	259.92
1496.343	269.27
1497.91	274.47
1499.477	267.19
1501.044	272.39
1502.61	301.5
1504.176	306.7
1505.742	323.33
1507.308	346.21
1508.874	348.29
1510.439	350.37
1512.004	359.72
1513.569	376.36
1515.134	409.63
1516.698	480.32
1518.262	563.5
1519.826	654.99
1521.39	734
1522.953	792.22
1524.517	837.97
1526.08	892.03
1527.642	954.41
1529.205	1020.95
1530.767	1114.52
1532.329	1216.4
1533.891	1304.77
1535.453	1364.03
1537.014	1390.03
1538.575	1382.75
1540.136	1375.47
1541.697	1344.28
1543.257	1316.21
1544.817	1279.82
1546.377	1245.51
1547.937	1175.86
1549.497	1085.41
1551.056	980.4
1552.615	880.59
1554.174	809.9
1555.732	728.8
1557.29	711.13
1558.848	737.12
1560.406	805.74
1561.964	914.9
1563.521	1034.46
1565.078	1166.5
1566.635	1305.81
1568.192	1404.58
1569.748	1492.95
1571.304	1549.09
1572.86	1578.2
1574.416	1579.24
1575.971	1548.05
1577.526	1503.35
1579.081	1426.41
1580.636	1348.44
1582.19	1250.71
1583.744	1146.75
1585.298	1047.98
1586.852	952.33
1588.405	863.96
1589.958	797.42
1591.511	743.36
1593.064	704.89
1594.616	664.34
1596.169	643.55
1597.721	623.8
1599.272	615.48
1600.824	622.76
1602.375	650.83
1603.926	693.45
1605.477	752.71
1607.027	828.61
1608.577	906.58
1610.127	993.92
1611.677	1077.09
1613.226	1172.74
1614.775	1274.62
1616.324	1332.84
1617.873	1399.38
1619.422	1421.22
1620.97	1437.85
1622.518	1433.69
1624.065	1425.37
1625.613	1403.54
1627.16	1394.18
1628.707	1381.71
1630.253	1366.11
1631.8	1339.08
1633.346	1283.98
1634.892	1218.48
1636.438	1119.71
1637.983	1023.03
1639.528	921.14
1641.073	811.97
1642.618	727.76
1644.162	650.83
1645.706	589.49
1647.25	525.03
1648.793	483.44
1650.337	436.66
1651.88	388.83
1653.423	347.25
1654.965	325.41
1656.507	293.18
1658.049	277.59
1659.591	263.03
1661.133	260.95
1662.674	239.12
1664.215	240.16
1665.756	230.8
1667.296	238.08
1668.836	224.57
1670.376	230.8
1671.916	236
1673.455	246.4
1674.994	243.28
1676.533	244.32
1678.072	248.48
1679.61	247.44
1681.148	263.03
1682.686	266.15
1684.224	270.31
1685.761	280.71
1687.298	283.83
1688.835	287.99
1690.371	292.14
1691.907	305.66
1693.443	310.86
1694.979	318.14
1696.514	330.61
1698.049	338.93
1699.584	349.33
1701.119	355.56
1702.653	360.76
1704.187	375.32
1705.721	378.44
1707.255	388.83
1708.788	401.31
1710.321	410.67
