898.735	4728.38
900.365	4830.26
901.994	4930.07
903.623	5011.16
905.253	5102.65
906.882	5168.15
908.511	5253.4
910.14	5320.98
911.768	5398.96
913.397	5486.29
915.026	5589.21
916.654	5711.89
918.282	5902.15
919.911	6100.73
921.539	6351.29
923.167	6571.69
924.795	6803.54
926.422	6988.6
928.05	7139.35
929.678	7253.71
931.305	7301.54
932.932	7322.33
934.56	7296.34
936.187	7256.83
937.814	7199.65
939.44	7128.95
941.067	7063.45
942.694	6959.49
944.32	6869.04
945.947	6759.87
947.573	6638.23
949.199	6511.39
950.825	6370
952.451	6228.61
954.077	6069.54
955.703	5887.6
957.328	5719.17
958.954	5530.99
960.579	5370.89
962.204	5173.35
963.829	5012.2
965.454	4826.1
967.079	4677.43
968.704	4541.24
970.329	4420.64
971.953	4317.71
973.578	4230.38
975.202	4132.65
976.826	4060.91
978.45	3980.86
980.074	3895.61
981.698	3810.36
983.321	3735.5
984.945	3652.33
986.568	3574.35
988.191	3485.98
989.815	3419.44
991.438	3343.55
993.061	3284.29
994.683	3208.39
996.306	3135.62
997.929	3076.36
999.551	3009.82
1001.173	2943.28
1002.795	2880.9
1004.417	2835.15
1006.039	2766.54
1007.661	2722.87
1009.283	2666.73
1010.904	2605.39
1012.526	2549.25
1014.147	2493.11
1015.768	2439.04
1017.389	2375.62
1019.01	2331.96
1020.63	2287.25
1022.251	2244.63
1023.871	2192.64
1025.492	2148.98
1027.112	2106.35
1028.732	2067.88
1030.352	2015.9
1031.972	1975.35
1033.591	1935.85
1035.211	1901.54
1036.83	1858.91
1038.45	1819.41
1040.069	1773.66
1041.688	1744.55
1043.307	1701.92
1044.925	1660.34
1046.544	1622.91
1048.162	1588.6
1049.781	1545.98
1051.399	1513.75
1053.017	1473.2
1054.635	1433.69
1056.253	1401.46
1057.87	1370.27
1059.488	1337
1061.105	1300.62
1062.722	1269.43
1064.339	1239.28
1065.956	1201.85
1067.573	1173.78
1069.19	1138.43
1070.806	1110.36
1072.423	1076.05
1074.039	1049.02
1075.655	1019.91
1077.271	985.6
1078.887	957.53
1080.502	933.62
1082.118	901.39
1083.733	882.67
1085.348	847.32
1086.963	823.41
1088.578	802.62
1090.193	774.55
1091.808	751.67
1093.422	727.76
1095.037	701.77
1096.651	672.66
1098.265	654.99
1099.879	632.11
1101.493	612.36
1103.106	589.49
1104.72	573.89
1106.333	553.1
1107.946	527.11
1109.559	512.55
1111.172	493.84
1112.785	475.12
1114.398	449.13
1116.01	433.54
1117.622	427.3
1119.234	403.39
1120.846	400.27
1122.458	386.75
1124.07	364.92
1125.681	348.29
1127.293	335.81
1128.904	325.41
1130.515	300.46
1132.126	294.22
1133.737	287.99
1135.347	272.39
1136.958	253.68
1138.568	242.24
1140.178	227.69
1141.788	207.93
1143.398	202.73
1145.008	182.98
1146.617	176.74
1148.227	161.15
1149.836	151.79
1151.445	137.24
1153.054	133.08
1154.663	120.6
1156.271	110.2
1157.88	109.16
1159.488	103.97
1161.096	87.33
1162.704	100.85
1164.312	87.33
1165.92	83.17
1167.527	76.93
1169.134	72.78
1170.741	80.05
1172.348	76.93
1173.955	76.93
1175.562	67.58
1177.168	66.54
1178.775	73.82
1180.381	67.58
1181.987	65.5
1183.593	61.34
1185.199	61.34
1186.804	53.02
1188.409	54.06
1190.015	55.1
1191.62	56.14
1193.225	49.9
1194.829	51.98
1196.434	50.94
1198.038	51.98
1199.642	43.67
1201.246	48.86
1202.85	41.59
1204.454	45.75
1206.057	44.71
1207.661	41.59
1209.264	43.67
1210.867	38.47
1212.47	41.59
1214.073	34.31
1215.675	35.35
1217.277	36.39
1218.88	37.43
1220.482	35.35
1222.083	34.31
1223.685	38.47
1225.287	38.47
1226.888	37.43
1228.489	33.27
1230.09	31.19
1231.691	33.27
1233.292	37.43
1234.892	36.39
1236.492	31.19
1238.092	31.19
1239.692	23.91
1241.292	33.27
1242.892	33.27
1244.491	29.11
1246.09	33.27
1247.689	35.35
1249.288	28.07
1250.887	21.83
1252.485	23.91
1254.084	24.95
1255.682	24.95
1257.28	20.79
1258.878	27.03
1260.475	19.75
1262.073	20.79
1263.67	28.07
1265.267	19.75
1266.864	24.95
1268.461	18.71
1270.057	20.79
1271.654	24.95
1273.25	15.59
1274.846	22.87
1276.442	18.71
1278.037	20.79
1279.633	21.83
1281.228	18.71
1282.823	14.56
1284.418	22.87
1286.013	18.71
1287.608	15.59
1289.202	17.67
1290.796	23.91
1292.39	18.71
1293.984	19.75
1295.577	18.71
1297.171	20.79
1298.764	17.67
1300.357	18.71
1301.95	13.52
1303.543	22.87
1305.135	9.36
1306.728	18.71
1308.32	19.75
1309.912	16.63
1311.503	16.63
1313.095	15.59
1314.686	18.71
1316.277	19.75
1317.868	16.63
1319.459	13.52
1321.05	18.71
1322.64	17.67
1324.23	5.2
1325.82	13.52
1327.41	16.63
1329	11.44
1330.589	17.67
1332.179	12.48
1333.768	15.59
1335.357	12.48
1336.945	14.56
1338.534	13.52
1340.122	17.67
1341.71	13.52
1343.298	9.36
1344.886	12.48
1346.473	17.67
1348.06	9.36
1349.648	15.59
1351.234	13.52
1352.821	10.4
1354.408	13.52
1355.994	16.63
1357.58	10.4
1359.166	8.32
1360.752	10.4
1362.337	17.67
1363.923	15.59
1365.508	15.59
1367.093	15.59
1368.677	14.56
1370.262	13.52
1371.846	14.56
1373.43	10.4
1375.014	5.2
1376.598	10.4
1378.181	17.67
1379.765	14.56
1381.348	7.28
1382.931	12.48
1384.513	7.28
1386.096	12.48
1387.678	11.44
1389.26	11.44
1390.842	9.36
1392.424	16.63
1394.005	15.59
1395.586	11.44
1397.168	11.44
1398.748	11.44
1400.329	15.59
1401.909	12.48
1403.49	9.36
1405.07	8.32
1406.649	13.52
1408.229	12.48
1409.808	11.44
1411.388	17.67
1412.967	9.36
1414.545	10.4
1416.124	13.52
1417.702	4.16
1419.28	9.36
1420.858	11.44
1422.436	9.36
1424.013	10.4
1425.591	11.44
1427.168	13.52
1428.745	10.4
1430.321	15.59
1431.898	5.2
1433.474	13.52
1435.05	11.44
1436.626	12.48
1438.201	12.48
1439.777	14.56
1441.352	14.56
1442.927	14.56
1444.501	9.36
1446.076	21.83
1447.65	18.71
1449.224	25.99
1450.798	21.83
1452.372	24.95
1453.945	24.95
1455.518	27.03
1457.091	31.19
1458.664	33.27
1460.236	28.07
1461.809	31.19
1463.381	42.63
1464.953	44.71
1466.524	59.26
1468.096	81.09
1469.667	96.69
1471.238	121.64
1472.809	147.63
1474.379	171.54
1475.949	197.54
1477.519	216.25
1479.089	232.88
1480.659	245.36
1482.228	241.2
1483.798	242.24
1485.366	251.6
1486.935	259.92
1488.504	265.11
1490.072	277.59
1491.64	274.47
1493.208	286.95
1494.776	289.03
1496.343	298.38
1497.91	301.5
1499.477	301.5
1501.044	308.78
1502.61	327.49
1504.176	337.89
1505.742	357.64
1507.308	377.4
1508.874	391.95
1510.439	385.71
1512.004	400.27
1513.569	426.26
1515.134	463.69
1516.698	536.46
1518.262	630.03
1519.826	727.76
1521.39	819.25
1522.953	888.91
1524.517	936.73
1526.08	991.84
1527.642	1062.53
1529.205	1147.79
1530.767	1251.75
1532.329	1355.72
1533.891	1460.72
1535.453	1530.38
1537.014	1564.69
1538.575	1555.33
1540.136	1544.94
1541.697	1506.47
1543.257	1472.16
1544.817	1437.85
1546.377	1387.95
1547.937	1314.13
1549.497	1214.32
1551.056	1105.16
1552.615	992.88
1554.174	909.7
1555.732	834.85
1557.29	814.05
1558.848	849.4
1560.406	925.3
1561.964	1051.1
1563.521	1194.57
1565.078	1350.52
1566.635	1505.43
1568.192	1622.91
1569.748	1721.68
1571.304	1796.53
1572.86	1820.45
1574.416	1826.68
1575.971	1787.18
1577.526	1731.03
1579.081	1646.82
1580.636	1550.13
1582.19	1438.89
1583.744	1308.93
1585.298	1195.61
1586.852	1085.41
1588.405	989.76
1589.958	911.78
1591.511	843.16
1593.064	804.7
1594.616	755.83
1596.169	735.04
1597.721	709.05
1599.272	696.57
1600.824	706.97
1602.375	731.92
1603.926	780.79
1605.477	848.36
1607.027	915.94
1608.577	1001.19
1610.127	1095.8
1611.677	1185.21
1613.226	1282.94
1614.775	1372.35
1616.324	1447.21
1617.873	1508.55
1619.422	1534.54
1620.97	1550.13
1622.518	1538.7
1624.065	1531.42
1625.613	1515.83
1627.16	1508.55
1628.707	1491.91
1630.253	1466.96
1631.8	1432.65
1633.346	1374.43
1634.892	1303.73
1636.438	1192.49
1637.983	1091.64
1639.528	979.36
1641.073	869.16
1642.618	771.43
1644.162	699.69
1645.706	626.92
1647.25	553.1
1648.793	505.28
1650.337	457.45
1651.88	404.43
1653.423	365.96
1654.965	332.69
1656.507	302.54
1658.049	282.79
1659.591	267.19
1661.133	259.92
1662.674	243.28
1664.215	240.16
1665.756	232.88
1667.296	238.08
1668.836	224.57
1670.376	230.8
1671.916	229.76
1673.455	229.76
1674.994	232.88
1676.533	229.76
1678.072	240.16
1679.61	241.2
1681.148	247.44
1682.686	257.84
1684.224	259.92
1685.761	267.19
1687.298	267.19
1688.835	275.51
1690.371	280.71
1691.907	293.18
1693.443	296.3
1694.979	304.62
1696.514	319.18
1698.049	324.37
1699.584	331.65
1701.119	335.81
1702.653	344.13
1704.187	354.52
1705.721	359.72
1707.255	371.16
1708.788	373.24
1710.321	385.71
