898.735	4720.06
900.365	4826.1
901.994	4919.67
903.623	4998.69
905.253	5094.34
906.882	5168.15
908.511	5253.4
910.14	5318.9
911.768	5395.84
913.397	5484.21
915.026	5588.18
916.654	5703.58
918.282	5885.52
919.911	6088.25
921.539	6332.57
923.167	6561.3
924.795	6797.3
926.422	6975.08
928.05	7141.43
929.678	7235
931.305	7293.22
932.932	7309.85
934.56	7292.18
936.187	7251.63
937.814	7197.57
939.44	7126.87
941.067	7060.33
942.694	6958.45
944.32	6877.35
945.947	6764.03
947.573	6638.23
949.199	6512.43
950.825	6375.2
952.451	6225.49
954.077	6070.58
955.703	5887.6
957.328	5720.21
958.954	5537.23
960.579	5377.12
962.204	5176.47
963.829	5017.4
965.454	4836.5
967.079	4689.91
968.704	4545.4
970.329	4427.91
971.953	4326.03
973.578	4240.78
975.202	4140.97
976.826	4066.11
978.45	3985.02
980.074	3901.85
981.698	3819.71
983.321	3736.54
984.945	3653.37
986.568	3588.91
988.191	3499.5
989.815	3428.8
991.438	3353.94
993.061	3290.53
994.683	3217.75
996.306	3154.33
997.929	3076.36
999.551	3011.9
1001.173	2948.48
1002.795	2890.26
1004.417	2837.23
1006.039	2781.09
1007.661	2731.19
1009.283	2669.85
1010.904	2616.83
1012.526	2557.56
1014.147	2497.26
1015.768	2451.52
1017.389	2386.02
1019.01	2333
1020.63	2295.57
1022.251	2245.67
1023.871	2198.88
1025.492	2152.1
1027.112	2115.71
1028.732	2076.2
1030.352	2020.06
1031.972	1983.67
1033.591	1942.09
1035.211	1906.74
1036.83	1865.15
1038.45	1823.56
1040.069	1781.98
1041.688	1749.75
1043.307	1709.2
1044.925	1665.54
1046.544	1633.31
1048.162	1596.92
1049.781	1552.21
1051.399	1517.9
1053.017	1479.44
1054.635	1446.17
1056.253	1412.9
1057.87	1375.47
1059.488	1341.16
1061.105	1308.93
1062.722	1279.82
1064.339	1245.51
1065.956	1212.24
1067.573	1177.94
1069.19	1142.59
1070.806	1121.79
1072.423	1082.29
1074.039	1053.18
1075.655	1027.18
1077.271	993.92
1078.887	962.73
1080.502	936.73
1082.118	910.74
1083.733	881.63
1085.348	861.88
1086.963	827.57
1088.578	806.78
1090.193	781.82
1091.808	756.87
1093.422	727.76
1095.037	708.01
1096.651	677.86
1098.265	662.26
1099.879	644.59
1101.493	612.36
1103.106	597.8
1104.72	582.21
1106.333	557.26
1107.946	539.58
1109.559	511.51
1111.172	498
1112.785	481.36
1114.398	461.61
1116.01	439.78
1117.622	428.34
1119.234	409.63
1120.846	401.31
1122.458	386.75
1124.07	364.92
1125.681	351.41
1127.293	337.89
1128.904	331.65
1130.515	310.86
1132.126	302.54
1133.737	289.03
1135.347	272.39
1136.958	256.8
1138.568	244.32
1140.178	233.92
1141.788	214.17
1143.398	204.81
1145.008	182.98
1146.617	180.9
1148.227	167.39
1149.836	159.07
1151.445	145.55
1153.054	133.08
1154.663	129.96
1156.271	119.56
1157.88	117.48
1159.488	105.01
1161.096	93.57
1162.704	100.85
1164.312	87.33
1165.92	89.41
1167.527	85.25
1169.134	79.01
1170.741	94.61
1172.348	81.09
1173.955	71.74
1175.562	74.86
1177.168	70.7
1178.775	73.82
1180.381	68.62
1181.987	72.78
1183.593	65.5
1185.199	68.62
1186.804	60.3
1188.409	67.58
1190.015	59.26
1191.62	60.3
1193.225	59.26
1194.829	58.22
1196.434	58.22
1198.038	54.06
1199.642	53.02
1201.246	55.1
1202.85	48.86
1204.454	54.06
1206.057	45.75
1207.661	54.06
1209.264	50.94
1210.867	44.71
1212.47	45.75
1214.073	45.75
1215.675	39.51
1217.277	42.63
1218.88	42.63
1220.482	40.55
1222.083	37.43
1223.685	48.86
1225.287	42.63
1226.888	39.51
1228.489	38.47
1230.09	39.51
1231.691	40.55
1233.292	42.63
1234.892	36.39
1236.492	39.51
1238.092	35.35
1239.692	32.23
1241.292	34.31
1242.892	42.63
1244.491	31.19
1246.09	39.51
1247.689	37.43
1249.288	31.19
1250.887	28.07
1252.485	27.03
1254.084	33.27
1255.682	33.27
1257.28	32.23
1258.878	32.23
1260.475	25.99
1262.073	30.15
1263.67	32.23
1265.267	29.11
1266.864	30.15
1268.461	33.27
1270.057	30.15
1271.654	29.11
1273.25	24.95
1274.846	29.11
1276.442	24.95
1278.037	23.91
1279.633	27.03
1281.228	27.03
1282.823	19.75
1284.418	29.11
1286.013	20.79
1287.608	30.15
1289.202	23.91
1290.796	23.91
1292.39	22.87
1293.984	28.07
1295.577	20.79
1297.171	28.07
1298.764	21.83
1300.357	25.99
1301.95	25.99
1303.543	31.19
1305.135	16.63
1306.728	22.87
1308.32	25.99
1309.912	22.87
1311.503	21.83
1313.095	19.75
1314.686	21.83
1316.277	19.75
1317.868	20.79
1319.459	17.67
1321.05	21.83
1322.64	29.11
1324.23	16.63
1325.82	18.71
1327.41	16.63
1329	18.71
1330.589	23.91
1332.179	15.59
1333.768	17.67
1335.357	16.63
1336.945	16.63
1338.534	18.71
1340.122	23.91
1341.71	15.59
1343.298	13.52
1344.886	20.79
1346.473	21.83
1348.06	15.59
1349.648	19.75
1351.234	11.44
1352.821	16.63
1354.408	13.52
1355.994	19.75
1357.58	18.71
1359.166	13.52
1360.752	19.75
1362.337	21.83
1363.923	18.71
1365.508	13.52
1367.093	16.63
1368.677	19.75
1370.262	14.56
1371.846	13.52
1373.43	15.59
1375.014	14.56
1376.598	14.56
1378.181	11.44
1379.765	16.63
1381.348	12.48
1382.931	16.63
1384.513	8.32
1386.096	21.83
1387.678	20.79
1389.26	14.56
1390.842	15.59
1392.424	19.75
1394.005	20.79
1395.586	17.67
1397.168	21.83
1398.748	17.67
1400.329	19.75
1401.909	13.52
1403.49	11.44
1405.07	9.36
1406.649	13.52
1408.229	15.59
1409.808	12.48
1411.388	8.32
1412.967	13.52
1414.545	17.67
1416.124	13.52
1417.702	7.28
1419.28	17.67
1420.858	11.44
1422.436	18.71
1424.013	16.63
1425.591	12.48
1427.168	16.63
1428.745	16.63
1430.321	15.59
1431.898	19.75
1433.474	16.63
1435.05	15.59
1436.626	20.79
1438.201	16.63
1439.777	14.56
1441.352	16.63
1442.927	28.07
1444.501	11.44
1446.076	25.99
1447.65	20.79
1449.224	29.11
1450.798	28.07
1452.372	28.07
1453.945	31.19
1455.518	28.07
1457.091	33.27
1458.664	38.47
1460.236	37.43
1461.809	32.23
1463.381	51.98
1464.953	57.18
1466.524	62.38
1468.096	76.93
1469.667	96.69
1471.238	124.76
1472.809	149.71
1474.379	175.7
1475.949	195.46
1477.519	218.33
1479.089	228.73
1480.659	243.28
1482.228	239.12
1483.798	241.2
1485.366	253.68
1486.935	256.8
1488.504	259.92
1490.072	277.59
1491.64	274.47
1493.208	284.87
1494.776	290.07
1496.343	298.38
1497.91	294.22
1499.477	298.38
1501.044	307.74
1502.61	322.29
1504.176	336.85
1505.742	352.44
1507.308	373.24
1508.874	378.44
1510.439	381.56
1512.004	391.95
1513.569	411.71
1515.134	449.13
1516.698	520.87
1518.262	611.32
1519.826	706.97
1521.39	794.3
1522.953	859.8
1524.517	905.54
1526.08	964.8
1527.642	1039.66
1529.205	1116.6
1530.767	1217.44
1532.329	1314.13
1533.891	1414.98
1535.453	1480.48
1537.014	1509.59
1538.575	1509.59
1540.136	1505.43
1541.697	1479.44
1543.257	1443.05
1544.817	1413.94
1546.377	1364.03
1547.937	1289.18
1549.497	1194.57
1551.056	1086.45
1552.615	982.48
1554.174	901.39
1555.732	824.45
1557.29	807.82
1558.848	837.97
1560.406	916.98
1561.964	1035.5
1563.521	1173.78
1565.078	1325.57
1566.635	1482.56
1568.192	1590.68
1569.748	1695.69
1571.304	1759.11
1572.86	1785.1
1574.416	1793.41
1575.971	1762.22
1577.526	1708.16
1579.081	1618.75
1580.636	1529.34
1582.19	1416.02
1583.744	1296.46
1585.298	1183.13
1586.852	1075.01
1588.405	974.16
1589.958	902.43
1591.511	832.77
1593.064	797.42
1594.616	753.75
1596.169	723.6
1597.721	704.89
1599.272	692.41
1600.824	703.85
1602.375	728.8
1603.926	776.63
1605.477	836.93
1607.027	911.78
1608.577	998.07
1610.127	1088.52
1611.677	1177.94
1613.226	1272.54
1614.775	1373.39
1616.324	1445.13
1617.873	1503.35
1619.422	1533.5
1620.97	1549.09
1622.518	1541.82
1624.065	1533.5
1625.613	1511.67
1627.16	1500.23
1628.707	1483.6
1630.253	1461.76
1631.8	1423.3
1633.346	1370.27
1634.892	1289.18
1636.438	1185.21
1637.983	1085.41
1639.528	976.24
1641.073	863.96
1642.618	767.27
1644.162	691.37
1645.706	626.92
1647.25	556.22
1648.793	504.24
1650.337	451.21
1651.88	405.47
1653.423	364.92
1654.965	332.69
1656.507	303.58
1658.049	290.07
1659.591	270.31
1661.133	267.19
1662.674	249.52
1664.215	243.28
1665.756	237.04
1667.296	240.16
1668.836	224.57
1670.376	228.73
1671.916	236
1673.455	236
1674.994	241.2
1676.533	240.16
1678.072	246.4
1679.61	247.44
1681.148	254.72
1682.686	261.99
1684.224	261.99
1685.761	275.51
1687.298	273.43
1688.835	277.59
1690.371	289.03
1691.907	300.46
1693.443	296.3
1694.979	316.06
1696.514	323.33
1698.049	323.33
1699.584	330.61
1701.119	345.17
1702.653	350.37
1704.187	356.6
1705.721	364.92
1707.255	378.44
1708.788	388.83
1710.321	389.87
