898.735	7385.75
900.365	7824.48
901.994	8264.26
903.623	8696.76
905.253	9165.65
906.882	9619.98
908.511	10108.62
910.14	10577.51
911.768	11104.61
913.397	11660.83
915.026	12278.39
916.654	12983.28
918.282	13845.16
919.911	14781.89
921.539	15829.87
923.167	16840.42
924.795	17918.55
926.422	18949.89
928.05	19951.09
929.678	20900.3
931.305	21753.86
932.932	22511.77
934.56	23207.3
936.187	23883.08
937.814	24500.64
939.44	25123.4
941.067	25701.45
942.694	26252.47
944.32	26774.38
945.947	27272.37
947.573	27728.79
949.199	28159.2
950.825	28603.14
952.451	28947.27
954.077	29284.12
955.703	29575.22
957.328	29907.91
958.954	30166.79
960.579	30465.17
962.204	30656.47
963.829	30815.54
965.454	30895.59
967.079	30982.92
968.704	30969.41
970.329	30977.72
971.953	30949.65
973.578	30907.03
975.202	30847.77
976.826	30780.19
978.45	30691.82
980.074	30578.49
981.698	30412.15
983.321	30190.7
984.945	29969.25
986.568	29749.89
988.191	29498.29
989.815	29267.48
991.438	28981.58
993.061	28738.3
994.683	28396.25
996.306	28067.71
997.929	27720.47
999.551	27333.71
1001.173	26942.8
1002.795	26557.09
1004.417	26165.14
1006.039	25789.82
1007.661	25411.38
1009.283	24994.48
1010.904	24608.76
1012.526	24177.31
1014.147	23755.2
1015.768	23358.05
1017.389	22934.91
1019.01	22544
1020.63	22140.61
1022.251	21780.89
1023.871	21417.01
1025.492	21001.14
1027.112	20697.56
1028.732	20312.89
1030.352	19956.28
1031.972	19572.65
1033.591	19297.14
1035.211	18969.65
1036.83	18632.8
1038.45	18329.21
1040.069	18020.44
1041.688	17715.82
1043.307	17427.83
1044.925	17121.13
1046.544	16808.19
1048.162	16480.7
1049.781	16177.12
1051.399	15871.46
1053.017	15555.4
1054.635	15266.37
1056.253	14983.59
1057.87	14707.04
1059.488	14422.17
1061.105	14151.86
1062.722	13879.47
1064.339	13624.75
1065.956	13350.28
1067.573	13099.72
1069.19	12817.97
1070.806	12555.98
1072.423	12285.67
1074.039	12039.27
1075.655	11779.35
1077.271	11535.03
1078.887	11273.04
1080.502	11045.35
1082.118	10816.63
1083.733	10583.74
1085.348	10343.58
1086.963	10113.82
1088.578	9889.25
1090.193	9659.49
1091.808	9415.17
1093.422	9195.8
1095.037	8973.31
1096.651	8746.66
1098.265	8507.54
1099.879	8315.2
1101.493	8103.11
1103.106	7918.05
1104.72	7704.92
1106.333	7518.82
1107.946	7327.53
1109.559	7148.71
1111.172	6957.41
1112.785	6780.67
1114.398	6603.92
1116.01	6421.98
1117.622	6248.36
1119.234	6079.93
1120.846	5919.83
1122.458	5761.8
1124.07	5598.57
1125.681	5434.31
1127.293	5270.04
1128.904	5124.49
1130.515	4973.74
1132.126	4826.1
1133.737	4673.27
1135.347	4537.08
1136.958	4400.88
1138.568	4279.24
1140.178	4162.8
1141.788	4050.52
1143.398	3934.08
1145.008	3829.07
1146.617	3725.1
1148.227	3614.9
1149.836	3518.21
1151.445	3414.25
1153.054	3310.28
1154.663	3216.71
1156.271	3109.62
1157.88	3021.25
1159.488	2932.88
1161.096	2850.75
1162.704	2765.5
1164.312	2687.52
1165.92	2601.23
1167.527	2534.69
1169.134	2467.11
1170.741	2384.98
1172.348	2313.24
1173.955	2249.83
1175.562	2181.21
1177.168	2116.75
1178.775	2058.53
1180.381	2001.35
1181.987	1947.28
1183.593	1891.14
1185.199	1829.8
1186.804	1791.34
1188.409	1738.31
1190.015	1692.57
1191.62	1645.78
1193.225	1604.2
1194.829	1555.33
1196.434	1519.98
1198.038	1475.28
1199.642	1424.33
1201.246	1388.99
1202.85	1356.76
1204.454	1315.17
1206.057	1278.78
1207.661	1238.24
1209.264	1202.89
1210.867	1168.58
1212.47	1139.47
1214.073	1105.16
1215.675	1077.09
1217.277	1040.7
1218.88	1017.83
1220.482	988.72
1222.083	964.8
1223.685	929.46
1225.287	910.74
1226.888	892.03
1228.489	865
1230.09	844.2
1231.691	824.45
1233.292	802.62
1234.892	787.02
1236.492	772.47
1238.092	744.4
1239.692	725.68
1241.292	710.09
1242.892	690.33
1244.491	670.58
1246.09	653.95
1247.689	631.07
1249.288	615.48
1250.887	593.65
1252.485	584.29
1254.084	564.54
1255.682	544.78
1257.28	537.5
1258.878	523.99
1260.475	504.24
1262.073	490.72
1263.67	482.4
1265.267	463.69
1266.864	455.37
1268.461	450.17
1270.057	432.5
1271.654	429.38
1273.25	413.78
1274.846	411.71
1276.442	397.15
1278.037	394.03
1279.633	386.75
1281.228	376.36
1282.823	368.04
1284.418	355.56
1286.013	355.56
1287.608	346.21
1289.202	334.77
1290.796	326.45
1292.39	318.14
1293.984	316.06
1295.577	306.7
1297.171	292.14
1298.764	282.79
1300.357	283.83
1301.95	270.31
1303.543	264.07
1305.135	255.76
1306.728	247.44
1308.32	252.64
1309.912	232.88
1311.503	232.88
1313.095	232.88
1314.686	224.57
1316.277	217.29
1317.868	208.97
1319.459	204.81
1321.05	195.46
1322.64	191.3
1324.23	178.82
1325.82	165.31
1327.41	164.27
1329	145.55
1330.589	129.96
1332.179	114.36
1333.768	103.97
1335.357	94.61
1336.945	85.25
1338.534	70.7
1340.122	61.34
1341.71	65.5
1343.298	54.06
1344.886	51.98
1346.473	46.78
1348.06	35.35
1349.648	44.71
1351.234	39.51
1352.821	35.35
1354.408	39.51
1355.994	33.27
1357.58	28.07
1359.166	30.15
1360.752	37.43
1362.337	18.71
1363.923	25.99
1365.508	25.99
1367.093	22.87
1368.677	21.83
1370.262	25.99
1371.846	25.99
1373.43	31.19
1375.014	24.95
1376.598	22.87
1378.181	13.52
1379.765	24.95
1381.348	24.95
1382.931	29.11
1384.513	20.79
1386.096	29.11
1387.678	27.03
1389.26	20.79
1390.842	30.15
1392.424	34.31
1394.005	29.11
1395.586	37.43
1397.168	36.39
1398.748	31.19
1400.329	30.15
1401.909	35.35
1403.49	38.47
1405.07	41.59
1406.649	40.55
1408.229	46.78
1409.808	45.75
1411.388	46.78
1412.967	40.55
1414.545	38.47
1416.124	36.39
1417.702	32.23
1419.28	29.11
1420.858	31.19
1422.436	19.75
1424.013	18.71
1425.591	22.87
1427.168	21.83
1428.745	18.71
1430.321	24.95
1431.898	16.63
1433.474	17.67
1435.05	23.91
1436.626	24.95
1438.201	20.79
1439.777	20.79
1441.352	21.83
1442.927	20.79
1444.501	24.95
1446.076	19.75
1447.65	24.95
1449.224	27.03
1450.798	27.03
1452.372	22.87
1453.945	20.79
1455.518	20.79
1457.091	23.91
1458.664	27.03
1460.236	23.91
1461.809	19.75
1463.381	17.67
1464.953	21.83
1466.524	22.87
1468.096	20.79
1469.667	21.83
1471.238	24.95
1472.809	23.91
1474.379	20.79
1475.949	17.67
1477.519	21.83
1479.089	22.87
1480.659	24.95
1482.228	20.79
1483.798	27.03
1485.366	21.83
1486.935	23.91
1488.504	25.99
1490.072	31.19
1491.64	31.19
1493.208	33.27
1494.776	34.31
1496.343	35.35
1497.91	35.35
1499.477	33.27
1501.044	42.63
1502.61	48.86
1504.176	45.75
1505.742	46.78
1507.308	51.98
1508.874	56.14
1510.439	58.22
1512.004	64.46
1513.569	76.93
1515.134	79.01
1516.698	97.73
1518.262	107.09
1519.826	116.44
1521.39	135.16
1522.953	152.83
1524.517	168.43
1526.08	176.74
1527.642	186.1
1529.205	207.93
1530.767	214.17
1532.329	229.76
1533.891	266.15
1535.453	289.03
1537.014	333.73
1538.575	379.48
1540.136	425.22
1541.697	466.81
1543.257	481.36
1544.817	484.48
1546.377	481.36
1547.937	472.01
1549.497	461.61
1551.056	450.17
1552.615	446.01
1554.174	455.37
1555.732	474.09
1557.29	488.64
1558.848	503.2
1560.406	508.39
1561.964	520.87
1563.521	508.39
1565.078	499.04
1566.635	480.32
1568.192	458.49
1569.748	433.54
1571.304	405.47
1572.86	371.16
1574.416	336.85
1575.971	319.18
1577.526	295.26
1579.081	266.15
1580.636	250.56
1582.19	229.76
1583.744	216.25
1585.298	202.73
1586.852	198.58
1588.405	180.9
1589.958	172.58
1591.511	161.15
1593.064	146.59
1594.616	141.39
1596.169	143.47
1597.721	139.31
1599.272	136.2
1600.824	133.08
1602.375	139.31
1603.926	140.35
1605.477	136.2
1607.027	134.12
1608.577	124.76
1610.127	125.8
1611.677	119.56
1613.226	114.36
1614.775	107.09
1616.324	103.97
1617.873	94.61
1619.422	85.25
1620.97	83.17
1622.518	80.05
1624.065	76.93
1625.613	80.05
1627.16	76.93
1628.707	73.82
1630.253	72.78
1631.8	77.97
1633.346	80.05
1634.892	70.7
1636.438	72.78
1637.983	74.86
1639.528	71.74
1641.073	70.7
1642.618	67.58
1644.162	76.93
1645.706	71.74
1647.25	74.86
1648.793	76.93
1650.337	66.54
1651.88	71.74
1653.423	70.7
1654.965	75.9
1656.507	74.86
1658.049	79.01
1659.591	82.13
1661.133	83.17
1662.674	82.13
1664.215	84.21
1665.756	86.29
1667.296	89.41
1668.836	89.41
1670.376	97.73
1671.916	99.81
1673.455	96.69
1674.994	107.09
1676.533	108.12
1678.072	112.28
1679.61	116.44
1681.148	117.48
1682.686	129.96
1684.224	126.84
1685.761	137.24
1687.298	139.31
1688.835	148.67
1690.371	152.83
1691.907	156.99
1693.443	164.27
1694.979	171.54
1696.514	174.66
1698.049	184.02
1699.584	195.46
1701.119	200.65
1702.653	212.09
1704.187	225.61
1705.721	234.96
1707.255	241.2
1708.788	241.2
1710.321	258.88
