898.735	12114.12
900.365	12414.59
901.994	12721.29
903.623	12988.48
905.253	13291.02
906.882	13548.86
908.511	13824.37
910.14	14061.41
911.768	14337.96
913.397	14632.18
915.026	14983.59
916.654	15397.37
918.282	15971.26
919.911	16595.06
921.539	17312.43
923.167	17974.69
924.795	18674.38
926.422	19290.9
928.05	19856.48
929.678	20351.35
931.305	20729.79
932.932	21016.74
934.56	21225.71
936.187	21425.32
937.814	21619.74
939.44	21847.43
941.067	22069.91
942.694	22297.6
944.32	22561.67
945.947	22828.87
947.573	22992.09
949.199	23077.34
950.825	23069.03
952.451	22915.16
954.077	22685.39
955.703	22342.3
957.328	22014.81
958.954	21648.85
960.579	21341.11
962.204	21040.65
963.829	20828.56
965.454	20650.78
967.079	20530.18
968.704	20408.54
970.329	20393.98
971.953	20488.59
973.578	20868.07
975.202	21577.11
976.826	22636.53
978.45	23600.29
980.074	24290.63
981.698	24771.99
983.321	25102.6
984.945	25384.35
986.568	25404.1
988.191	24797.98
989.815	23915.31
991.438	22980.66
993.061	22275.77
994.683	21587.51
996.306	20977.23
997.929	20354.47
999.551	19932.37
1001.173	19911.58
1002.795	20235.95
1004.417	21051.05
1006.039	22541.92
1007.661	24727.29
1009.283	27258.86
1010.904	29627.21
1012.526	31176.3
1014.147	31810.49
1015.768	31630.63
1017.389	30796.82
1019.01	29334.02
1020.63	27296.29
1022.251	25032.95
1023.871	22980.66
1025.492	21378.54
1027.112	20378.39
1028.732	19616.31
1030.352	19022.67
1031.972	18572.5
1033.591	18314.66
1035.211	17898.8
1036.83	17254.21
1038.45	16414.16
1040.069	15480.54
1041.688	14495.99
1043.307	13452.17
1044.925	12297.1
1046.544	11129.57
1048.162	10036.88
1049.781	9133.42
1051.399	8421.25
1053.017	7842.16
1054.635	7354.56
1056.253	6915.82
1057.87	6513.47
1059.488	6123.6
1061.105	5772.2
1062.722	5442.62
1064.339	5145.28
1065.956	4873.93
1067.573	4636.89
1069.19	4423.76
1070.806	4240.78
1072.423	4073.39
1074.039	3944.47
1075.655	3809.32
1077.271	3689.76
1078.887	3571.23
1080.502	3465.19
1082.118	3366.42
1083.733	3271.81
1085.348	3170.96
1086.963	3086.75
1088.578	2996.3
1090.193	2914.17
1091.808	2823.72
1093.422	2742.62
1095.037	2652.17
1096.651	2561.72
1098.265	2466.07
1099.879	2381.86
1101.493	2295.57
1103.106	2216.56
1104.72	2133.38
1106.333	2061.65
1107.946	1996.15
1109.559	1927.53
1111.172	1869.31
1112.785	1809.01
1114.398	1740.39
1116.01	1681.13
1117.622	1623.95
1119.234	1563.65
1120.846	1513.75
1122.458	1457.6
1124.07	1400.42
1125.681	1349.48
1127.293	1292.3
1128.904	1244.47
1130.515	1203.93
1132.126	1172.74
1133.737	1119.71
1135.347	1083.33
1136.958	1038.62
1138.568	1006.39
1140.178	974.16
1141.788	937.77
1143.398	910.74
1145.008	872.28
1146.617	847.32
1148.227	818.21
1149.836	795.34
1151.445	766.23
1153.054	738.16
1154.663	709.05
1156.271	687.22
1157.88	665.38
1159.488	637.31
1161.096	619.64
1162.704	594.69
1164.312	575.97
1165.92	558.3
1167.527	542.7
1169.134	529.19
1170.741	504.24
1172.348	489.68
1173.955	467.85
1175.562	461.61
1177.168	439.78
1178.775	430.42
1180.381	414.82
1181.987	395.07
1183.593	389.87
1185.199	375.32
1186.804	370.12
1188.409	359.72
1190.015	343.09
1191.62	337.89
1193.225	329.57
1194.829	317.1
1196.434	313.98
1198.038	302.54
1199.642	289.03
1201.246	278.63
1202.85	275.51
1204.454	267.19
1206.057	269.27
1207.661	259.92
1209.264	245.36
1210.867	237.04
1212.47	233.92
1214.073	223.53
1215.675	219.37
1217.277	212.09
1218.88	215.21
1220.482	206.89
1222.083	199.61
1223.685	187.14
1225.287	187.14
1226.888	185.06
1228.489	174.66
1230.09	177.78
1231.691	172.58
1233.292	167.39
1234.892	165.31
1236.492	173.62
1238.092	155.95
1239.692	151.79
1241.292	149.71
1242.892	151.79
1244.491	142.43
1246.09	140.35
1247.689	140.35
1249.288	133.08
1250.887	125.8
1252.485	124.76
1254.084	129.96
1255.682	122.68
1257.28	122.68
1258.878	115.4
1260.475	113.32
1262.073	110.2
1263.67	108.12
1265.267	103.97
1266.864	101.89
1268.461	105.01
1270.057	99.81
1271.654	102.93
1273.25	93.57
1274.846	100.85
1276.442	92.53
1278.037	94.61
1279.633	90.45
1281.228	97.73
1282.823	85.25
1284.418	87.33
1286.013	87.33
1287.608	86.29
1289.202	76.93
1290.796	81.09
1292.39	79.01
1293.984	81.09
1295.577	77.97
1297.171	76.93
1298.764	70.7
1300.357	73.82
1301.95	74.86
1303.543	71.74
1305.135	66.54
1306.728	64.46
1308.32	72.78
1309.912	57.18
1311.503	63.42
1313.095	66.54
1314.686	61.34
1316.277	66.54
1317.868	59.26
1319.459	60.3
1321.05	56.14
1322.64	54.06
1324.23	49.9
1325.82	48.86
1327.41	50.94
1329	45.75
1330.589	41.59
1332.179	41.59
1333.768	40.55
1335.357	35.35
1336.945	34.31
1338.534	25.99
1340.122	23.91
1341.71	32.23
1343.298	34.31
1344.886	25.99
1346.473	25.99
1348.06	19.75
1349.648	21.83
1351.234	23.91
1352.821	27.03
1354.408	25.99
1355.994	27.03
1357.58	20.79
1359.166	23.91
1360.752	22.87
1362.337	15.59
1363.923	14.56
1365.508	18.71
1367.093	20.79
1368.677	19.75
1370.262	14.56
1371.846	20.79
1373.43	21.83
1375.014	23.91
1376.598	19.75
1378.181	14.56
1379.765	14.56
1381.348	24.95
1382.931	20.79
1384.513	20.79
1386.096	24.95
1387.678	19.75
1389.26	16.63
1390.842	17.67
1392.424	28.07
1394.005	18.71
1395.586	23.91
1397.168	21.83
1398.748	17.67
1400.329	20.79
1401.909	17.67
1403.49	21.83
1405.07	21.83
1406.649	19.75
1408.229	25.99
1409.808	24.95
1411.388	27.03
1412.967	20.79
1414.545	22.87
1416.124	21.83
1417.702	19.75
1419.28	14.56
1420.858	23.91
1422.436	21.83
1424.013	15.59
1425.591	12.48
1427.168	17.67
1428.745	12.48
1430.321	20.79
1431.898	15.59
1433.474	15.59
1435.05	18.71
1436.626	24.95
1438.201	16.63
1439.777	14.56
1441.352	21.83
1442.927	16.63
1444.501	17.67
1446.076	12.48
1447.65	19.75
1449.224	24.95
1450.798	16.63
1452.372	14.56
1453.945	18.71
1455.518	22.87
1457.091	18.71
1458.664	20.79
1460.236	20.79
1461.809	13.52
1463.381	18.71
1464.953	17.67
1466.524	21.83
1468.096	13.52
1469.667	19.75
1471.238	19.75
1472.809	17.67
1474.379	14.56
1475.949	16.63
1477.519	16.63
1479.089	22.87
1480.659	17.67
1482.228	16.63
1483.798	20.79
1485.366	19.75
1486.935	17.67
1488.504	25.99
1490.072	18.71
1491.64	18.71
1493.208	20.79
1494.776	22.87
1496.343	13.52
1497.91	16.63
1499.477	16.63
1501.044	21.83
1502.61	23.91
1504.176	16.63
1505.742	18.71
1507.308	20.79
1508.874	22.87
1510.439	19.75
1512.004	22.87
1513.569	16.63
1515.134	15.59
1516.698	27.03
1518.262	23.91
1519.826	19.75
1521.39	24.95
1522.953	22.87
1524.517	24.95
1526.08	20.79
1527.642	17.67
1529.205	22.87
1530.767	17.67
1532.329	16.63
1533.891	31.19
1535.453	18.71
1537.014	24.95
1538.575	17.67
1540.136	17.67
1541.697	29.11
1543.257	20.79
1544.817	14.56
1546.377	25.99
1547.937	20.79
1549.497	17.67
1551.056	13.52
1552.615	22.87
1554.174	20.79
1555.732	16.63
1557.29	22.87
1558.848	19.75
1560.406	21.83
1561.964	15.59
1563.521	13.52
1565.078	21.83
1566.635	22.87
1568.192	21.83
1569.748	19.75
1571.304	21.83
1572.86	24.95
1574.416	16.63
1575.971	22.87
1577.526	24.95
1579.081	23.91
1580.636	22.87
1582.19	22.87
1583.744	18.71
1585.298	21.83
1586.852	27.03
1588.405	15.59
1589.958	23.91
1591.511	19.75
1593.064	18.71
1594.616	17.67
1596.169	24.95
1597.721	21.83
1599.272	18.71
1600.824	16.63
1602.375	25.99
1603.926	30.15
1605.477	28.07
1607.027	39.51
1608.577	37.43
1610.127	41.59
1611.677	54.06
1613.226	56.14
1614.775	51.98
1616.324	60.3
1617.873	69.66
1619.422	64.46
1620.97	74.86
1622.518	71.74
1624.065	73.82
1625.613	86.29
1627.16	87.33
1628.707	94.61
1630.253	106.05
1631.8	125.8
1633.346	135.16
1634.892	139.31
1636.438	158.03
1637.983	164.27
1639.528	175.7
1641.073	184.02
1642.618	195.46
1644.162	207.93
1645.706	210.01
1647.25	222.49
1648.793	239.12
1650.337	241.2
1651.88	253.68
1653.423	257.84
1654.965	266.15
1656.507	276.55
1658.049	291.1
1659.591	298.38
1661.133	312.94
1662.674	324.37
1664.215	339.97
1665.756	348.29
1667.296	363.88
1668.836	376.36
1670.376	390.91
1671.916	405.47
1673.455	415.86
1674.994	433.54
1676.533	444.97
1678.072	456.41
1679.61	474.09
1681.148	489.68
1682.686	513.59
1684.224	519.83
1685.761	541.66
1687.298	561.42
1688.835	581.17
1690.371	588.45
1691.907	614.44
1693.443	626.92
1694.979	661.22
1696.514	673.7
1698.049	691.37
1699.584	719.45
1701.119	743.36
1702.653	756.87
1704.187	790.14
1705.721	800.54
1707.255	825.49
1708.788	847.32
1710.321	876.43
