898.735	5854.33
900.365	5975.97
901.994	6111.12
903.623	6207.81
905.253	6332.57
906.882	6428.22
908.511	6541.54
910.14	6628.88
911.768	6738.04
913.397	6850.32
915.026	6980.28
916.654	7135.19
918.282	7361.84
919.911	7615.51
921.539	7928.45
923.167	8242.43
924.795	8574.08
926.422	8865.19
928.05	9123.02
929.678	9355.9
931.305	9522.25
932.932	9632.45
934.56	9713.55
936.187	9775.93
937.814	9820.63
939.44	9861.18
941.067	9915.24
942.694	9948.51
944.32	9998.42
945.947	10018.17
947.573	10050.4
949.199	10026.49
950.825	10005.69
952.451	9925.64
954.077	9820.63
955.703	9690.68
957.328	9558.64
958.954	9407.89
960.579	9293.53
962.204	9153.17
963.829	9039.85
965.454	8915.09
967.079	8816.32
968.704	8712.36
970.329	8640.62
971.953	8567.84
973.578	8547.05
975.202	8555.37
976.826	8620.86
978.45	8709.24
980.074	8768.5
981.698	8786.17
983.321	8743.54
984.945	8647.9
986.568	8512.74
988.191	8294.41
989.815	8048.01
991.438	7783.94
993.061	7585.36
994.683	7371.19
996.306	7186.13
997.929	7010.43
999.551	6856.56
1001.173	6752.59
1002.795	6725.56
1004.417	6753.63
1006.039	6885.67
1007.661	7119.6
1009.283	7416.94
1010.904	7744.43
1012.526	8006.43
1014.147	8122.87
1015.768	8085.44
1017.389	7867.11
1019.01	7504.27
1020.63	7038.5
1022.251	6547.78
1023.871	6111.12
1025.492	5744.12
1027.112	5502.92
1028.732	5304.35
1030.352	5136.96
1031.972	4987.25
1033.591	4877.05
1035.211	4762.68
1036.83	4642.08
1038.45	4480.94
1040.069	4303.15
1041.688	4097.3
1043.307	3867.54
1044.925	3622.18
1046.544	3380.98
1048.162	3155.37
1049.781	2956.79
1051.399	2806.04
1053.017	2671.93
1054.635	2548.21
1056.253	2448.4
1057.87	2348.59
1059.488	2249.83
1061.105	2159.37
1062.722	2072.04
1064.339	2001.35
1065.956	1920.25
1067.573	1855.79
1069.19	1785.1
1070.806	1736.23
1072.423	1683.21
1074.039	1634.35
1075.655	1586.52
1077.271	1535.58
1078.887	1485.67
1080.502	1450.33
1082.118	1410.82
1083.733	1375.47
1085.348	1321.41
1086.963	1292.3
1088.578	1250.71
1090.193	1223.68
1091.808	1186.25
1093.422	1147.79
1095.037	1123.87
1096.651	1080.21
1098.265	1051.1
1099.879	1015.75
1101.493	988.72
1103.106	954.41
1104.72	923.22
1106.333	903.46
1107.946	869.16
1109.559	845.24
1111.172	821.33
1112.785	796.38
1114.398	770.39
1116.01	743.36
1117.622	721.52
1119.234	701.77
1120.846	683.06
1122.458	658.11
1124.07	636.27
1125.681	618.6
1127.293	595.73
1128.904	577.01
1130.515	556.22
1132.126	538.54
1133.737	527.11
1135.347	511.51
1136.958	484.48
1138.568	474.09
1140.178	454.33
1141.788	448.09
1143.398	426.26
1145.008	415.86
1146.617	413.78
1148.227	395.07
1149.836	383.63
1151.445	376.36
1153.054	364.92
1154.663	351.41
1156.271	335.81
1157.88	327.49
1159.488	316.06
1161.096	305.66
1162.704	301.5
1164.312	291.1
1165.92	284.87
1167.527	273.43
1169.134	261.99
1170.741	260.95
1172.348	258.88
1173.955	247.44
1175.562	237.04
1177.168	225.61
1178.775	223.53
1180.381	214.17
1181.987	213.13
1183.593	204.81
1185.199	206.89
1186.804	200.65
1188.409	190.26
1190.015	185.06
1191.62	186.1
1193.225	178.82
1194.829	171.54
1196.434	171.54
1198.038	165.31
1199.642	154.91
1201.246	154.91
1202.85	150.75
1204.454	146.59
1206.057	147.63
1207.661	138.27
1209.264	142.43
1210.867	132.04
1212.47	136.2
1214.073	131
1215.675	127.88
1217.277	121.64
1218.88	121.64
1220.482	115.4
1222.083	121.64
1223.685	122.68
1225.287	105.01
1226.888	114.36
1228.489	109.16
1230.09	107.09
1231.691	96.69
1233.292	99.81
1234.892	96.69
1236.492	100.85
1238.092	94.61
1239.692	91.49
1241.292	92.53
1242.892	91.49
1244.491	86.29
1246.09	88.37
1247.689	86.29
1249.288	82.13
1250.887	77.97
1252.485	80.05
1254.084	82.13
1255.682	85.25
1257.28	69.66
1258.878	70.7
1260.475	66.54
1262.073	68.62
1263.67	65.5
1265.267	68.62
1266.864	72.78
1268.461	69.66
1270.057	65.5
1271.654	66.54
1273.25	62.38
1274.846	66.54
1276.442	60.3
1278.037	64.46
1279.633	51.98
1281.228	58.22
1282.823	62.38
1284.418	49.9
1286.013	48.86
1287.608	55.1
1289.202	49.9
1290.796	51.98
1292.39	48.86
1293.984	49.9
1295.577	41.59
1297.171	51.98
1298.764	51.98
1300.357	43.67
1301.95	46.78
1303.543	47.82
1305.135	42.63
1306.728	47.82
1308.32	45.75
1309.912	42.63
1311.503	41.59
1313.095	41.59
1314.686	46.78
1316.277	40.55
1317.868	41.59
1319.459	46.78
1321.05	43.67
1322.64	41.59
1324.23	38.47
1325.82	38.47
1327.41	34.31
1329	38.47
1330.589	40.55
1332.179	38.47
1333.768	45.75
1335.357	41.59
1336.945	36.39
1338.534	41.59
1340.122	36.39
1341.71	36.39
1343.298	39.51
1344.886	38.47
1346.473	38.47
1348.06	33.27
1349.648	39.51
1351.234	34.31
1352.821	30.15
1354.408	31.19
1355.994	32.23
1357.58	34.31
1359.166	35.35
1360.752	38.47
1362.337	34.31
1363.923	39.51
1365.508	34.31
1367.093	36.39
1368.677	28.07
1370.262	37.43
1371.846	25.99
1373.43	40.55
1375.014	22.87
1376.598	39.51
1378.181	28.07
1379.765	36.39
1381.348	40.55
1382.931	32.23
1384.513	35.35
1386.096	38.47
1387.678	37.43
1389.26	31.19
1390.842	37.43
1392.424	42.63
1394.005	42.63
1395.586	39.51
1397.168	36.39
1398.748	41.59
1400.329	33.27
1401.909	40.55
1403.49	45.75
1405.07	46.78
1406.649	43.67
1408.229	42.63
1409.808	41.59
1411.388	47.82
1412.967	36.39
1414.545	49.9
1416.124	44.71
1417.702	50.94
1419.28	51.98
1420.858	61.34
1422.436	57.18
1424.013	66.54
1425.591	64.46
1427.168	62.38
1428.745	65.5
1430.321	72.78
1431.898	76.93
1433.474	86.29
1435.05	88.37
1436.626	93.57
1438.201	99.81
1439.777	112.28
1441.352	121.64
1442.927	132.04
1444.501	150.75
1446.076	168.43
1447.65	194.42
1449.224	210.01
1450.798	233.92
1452.372	269.27
1453.945	298.38
1455.518	330.61
1457.091	377.4
1458.664	421.06
1460.236	474.09
1461.809	532.31
1463.381	610.28
1464.953	724.64
1466.524	871.24
1468.096	1083.33
1469.667	1381.71
1471.238	1751.83
1472.809	2162.49
1474.379	2564.84
1475.949	2920.41
1477.519	3194.88
1479.089	3371.62
1480.659	3465.19
1482.228	3483.9
1483.798	3468.31
1485.366	3471.43
1486.935	3480.78
1488.504	3516.13
1490.072	3553.56
1491.64	3572.27
1493.208	3558.76
1494.776	3518.21
1496.343	3450.63
1497.91	3368.5
1499.477	3288.45
1501.044	3204.23
1502.61	3111.7
1504.176	3037.89
1505.742	2953.68
1507.308	2835.15
1508.874	2728.07
1510.439	2652.17
1512.004	2657.37
1513.569	2814.36
1515.134	3163.69
1516.698	3728.22
1518.262	4432.07
1519.826	5201.42
1521.39	5872
1522.953	6381.44
1524.517	6723.48
1526.08	6985.48
1527.642	7220.44
1529.205	7471
1530.767	7765.22
1532.329	8129.11
1533.891	8484.67
1535.453	8675.97
1537.014	8667.65
1538.575	8482.59
1540.136	8127.03
1541.697	7658.14
1543.257	7174.7
1544.817	6731.8
1546.377	6350.25
1547.937	5872
1549.497	5309.55
1551.056	4713.82
1552.615	4108.74
1554.174	3533.81
1555.732	3057.64
1557.29	2756.14
1558.848	2662.57
1560.406	2753.02
1561.964	2967.19
1563.521	3269.73
1565.078	3605.54
1566.635	3939.27
1568.192	4228.3
1569.748	4445.59
1571.304	4580.74
1572.86	4606.74
1574.416	4556.83
1575.971	4407.12
1577.526	4203.35
1579.081	3930.96
1580.636	3646.09
1582.19	3332.11
1583.744	3013.98
1585.298	2675.05
1586.852	2379.78
1588.405	2125.07
1589.958	1907.78
1591.511	1743.51
1593.064	1618.75
1594.616	1514.79
1596.169	1421.22
1597.721	1361.96
1599.272	1308.93
1600.824	1302.69
1602.375	1322.45
1603.926	1372.35
1605.477	1461.76
1607.027	1560.53
1608.577	1680.09
1610.127	1814.21
1611.677	1938.97
1613.226	2081.4
1614.775	2204.08
1616.324	2317.4
1617.873	2389.14
1619.422	2419.29
1620.97	2422.41
1622.518	2388.1
1624.065	2346.51
1625.613	2293.49
1627.16	2241.51
1628.707	2196.8
1630.253	2135.46
1631.8	2076.2
1633.346	1994.07
1634.892	1880.75
1636.438	1740.39
1637.983	1589.64
1639.528	1424.33
1641.073	1263.19
1642.618	1119.71
1644.162	997.03
1645.706	894.11
1647.25	803.66
1648.793	705.93
1650.337	642.51
1651.88	577.01
1653.423	512.55
1654.965	462.65
1656.507	425.22
1658.049	394.03
1659.591	369.08
1661.133	351.41
1662.674	329.57
1664.215	324.37
1665.756	315.02
1667.296	319.18
1668.836	306.7
1670.376	308.78
1671.916	305.66
1673.455	308.78
1674.994	307.74
1676.533	318.14
1678.072	320.22
1679.61	321.26
1681.148	316.06
1682.686	333.73
1684.224	343.09
1685.761	347.25
1687.298	351.41
1688.835	361.8
1690.371	377.4
1691.907	374.28
1693.443	387.79
1694.979	398.19
1696.514	406.51
1698.049	407.55
1699.584	420.02
1701.119	431.46
1702.653	438.74
1704.187	448.09
1705.721	466.81
1707.255	477.2
1708.788	485.52
1710.321	495.92
