898.735	7659.18
900.365	7823.45
901.994	7985.63
903.623	8110.39
905.253	8266.34
906.882	8383.82
908.511	8514.82
910.14	8621.9
911.768	8753.94
913.397	8898.45
915.026	9051.28
916.654	9251.94
918.282	9528.49
919.911	9846.62
921.539	10239.62
923.167	10640.93
924.795	11050.55
926.422	11424.83
928.05	11744.01
929.678	12025.75
931.305	12231.61
932.932	12368.84
934.56	12465.53
936.187	12548.7
937.814	12609
939.44	12682.82
941.067	12765.99
942.694	12842.93
944.32	12932.34
945.947	13009.27
947.573	13073.73
949.199	13092.44
950.825	13060.22
952.451	12962.49
954.077	12790.94
955.703	12583.01
957.328	12364.68
958.954	12127.64
960.579	11943.62
962.204	11754.4
963.829	11603.65
965.454	11468.5
967.079	11347.89
968.704	11250.17
970.329	11187.79
971.953	11165.95
973.578	11235.61
975.202	11381.16
976.826	11664.99
978.45	12002.88
980.074	12295.03
981.698	12468.65
983.321	12512.31
984.945	12439.54
986.568	12247.2
988.191	11888.52
989.815	11449.78
991.438	11026.64
993.061	10704.34
994.683	10370.61
996.306	10095.1
997.929	9848.7
999.551	9663.64
1001.173	9583.59
1002.795	9634.53
1004.417	9859.1
1006.039	10300.96
1007.661	10991.29
1009.283	11832.38
1010.904	12745.2
1012.526	13477.12
1014.147	13874.27
1015.768	13862.83
1017.389	13456.33
1019.01	12703.61
1020.63	11705.54
1022.251	10667.96
1023.871	9755.13
1025.492	9057.52
1027.112	8627.1
1028.732	8294.41
1030.352	8033.46
1031.972	7813.05
1033.591	7661.26
1035.211	7503.23
1036.83	7305.69
1038.45	7052.02
1040.069	6724.52
1041.688	6335.69
1043.307	5901.11
1044.925	5424.95
1046.544	4955.02
1048.162	4524.6
1049.781	4174.24
1051.399	3901.85
1053.017	3681.44
1054.635	3480.78
1056.253	3306.12
1057.87	3155.37
1059.488	2985.9
1061.105	2837.23
1062.722	2697.92
1064.339	2581.48
1065.956	2462.96
1067.573	2365.23
1069.19	2263.34
1070.806	2188.49
1072.423	2114.67
1074.039	2047.09
1075.655	1982.63
1077.271	1925.45
1078.887	1864.11
1080.502	1814.21
1082.118	1762.22
1083.733	1718.56
1085.348	1656.18
1086.963	1620.83
1088.578	1566.77
1090.193	1523.1
1091.808	1475.28
1093.422	1435.77
1095.037	1391.07
1096.651	1352.6
1098.265	1313.09
1099.879	1263.19
1101.493	1224.72
1103.106	1185.21
1104.72	1140.51
1106.333	1113.48
1107.946	1073.97
1109.559	1038.62
1111.172	1011.59
1112.785	974.16
1114.398	951.29
1116.01	918.02
1117.622	885.79
1119.234	870.2
1120.846	834.85
1122.458	811.97
1124.07	781.82
1125.681	759.99
1127.293	732.96
1128.904	710.09
1130.515	687.22
1132.126	660.18
1133.737	642.51
1135.347	614.44
1136.958	597.8
1138.568	578.05
1140.178	558.3
1141.788	546.86
1143.398	531.27
1145.008	517.75
1146.617	500.08
1148.227	483.44
1149.836	470.97
1151.445	457.45
1153.054	437.7
1154.663	425.22
1156.271	414.82
1157.88	398.19
1159.488	391.95
1161.096	367
1162.704	362.84
1164.312	356.6
1165.92	339.97
1167.527	327.49
1169.134	322.29
1170.741	312.94
1172.348	309.82
1173.955	296.3
1175.562	281.75
1177.168	273.43
1178.775	276.55
1180.381	264.07
1181.987	254.72
1183.593	247.44
1185.199	248.48
1186.804	241.2
1188.409	230.8
1190.015	226.65
1191.62	219.37
1193.225	212.09
1194.829	206.89
1196.434	200.65
1198.038	198.58
1199.642	191.3
1201.246	190.26
1202.85	184.02
1204.454	173.62
1206.057	181.94
1207.661	170.5
1209.264	172.58
1210.867	169.46
1212.47	163.23
1214.073	155.95
1215.675	154.91
1217.277	149.71
1218.88	146.59
1220.482	141.39
1222.083	148.67
1223.685	145.55
1225.287	129.96
1226.888	135.16
1228.489	125.8
1230.09	129.96
1231.691	131
1233.292	122.68
1234.892	121.64
1236.492	117.48
1238.092	113.32
1239.692	110.2
1241.292	111.24
1242.892	111.24
1244.491	105.01
1246.09	103.97
1247.689	102.93
1249.288	102.93
1250.887	92.53
1252.485	99.81
1254.084	97.73
1255.682	97.73
1257.28	82.13
1258.878	93.57
1260.475	86.29
1262.073	88.37
1263.67	82.13
1265.267	85.25
1266.864	83.17
1268.461	84.21
1270.057	73.82
1271.654	75.9
1273.25	76.93
1274.846	77.97
1276.442	74.86
1278.037	80.05
1279.633	68.62
1281.228	76.93
1282.823	77.97
1284.418	64.46
1286.013	60.3
1287.608	67.58
1289.202	65.5
1290.796	66.54
1292.39	61.34
1293.984	59.26
1295.577	56.14
1297.171	56.14
1298.764	57.18
1300.357	64.46
1301.95	53.02
1303.543	55.1
1305.135	58.22
1306.728	59.26
1308.32	51.98
1309.912	55.1
1311.503	54.06
1313.095	47.82
1314.686	51.98
1316.277	53.02
1317.868	48.86
1319.459	55.1
1321.05	49.9
1322.64	59.26
1324.23	50.94
1325.82	46.78
1327.41	49.9
1329	41.59
1330.589	46.78
1332.179	42.63
1333.768	46.78
1335.357	46.78
1336.945	46.78
1338.534	46.78
1340.122	42.63
1341.71	42.63
1343.298	45.75
1344.886	44.71
1346.473	51.98
1348.06	40.55
1349.648	38.47
1351.234	42.63
1352.821	38.47
1354.408	37.43
1355.994	40.55
1357.58	44.71
1359.166	44.71
1360.752	40.55
1362.337	40.55
1363.923	44.71
1365.508	36.39
1367.093	44.71
1368.677	44.71
1370.262	44.71
1371.846	40.55
1373.43	42.63
1375.014	35.35
1376.598	48.86
1378.181	36.39
1379.765	44.71
1381.348	49.9
1382.931	44.71
1384.513	39.51
1386.096	47.82
1387.678	51.98
1389.26	40.55
1390.842	44.71
1392.424	48.86
1394.005	57.18
1395.586	43.67
1397.168	40.55
1398.748	44.71
1400.329	42.63
1401.909	47.82
1403.49	47.82
1405.07	59.26
1406.649	54.06
1408.229	50.94
1409.808	48.86
1411.388	50.94
1412.967	56.14
1414.545	57.18
1416.124	62.38
1417.702	62.38
1419.28	70.7
1420.858	69.66
1422.436	66.54
1424.013	74.86
1425.591	75.9
1427.168	81.09
1428.745	84.21
1430.321	87.33
1431.898	85.25
1433.474	98.77
1435.05	108.12
1436.626	115.4
1438.201	115.4
1439.777	132.04
1441.352	151.79
1442.927	159.07
1444.501	185.06
1446.076	200.65
1447.65	236
1449.224	255.76
1450.798	283.83
1452.372	323.33
1453.945	359.72
1455.518	402.35
1457.091	456.41
1458.664	517.75
1460.236	585.33
1461.809	659.14
1463.381	757.91
1464.953	899.31
1466.524	1095.8
1468.096	1383.79
1469.667	1787.18
1471.238	2271.66
1472.809	2803.96
1474.379	3319.64
1475.949	3771.89
1477.519	4100.42
1479.089	4316.67
1480.659	4411.28
1482.228	4435.19
1483.798	4402.96
1485.366	4410.24
1486.935	4425.83
1488.504	4485.1
1490.072	4532.92
1491.64	4558.91
1493.208	4537.08
1494.776	4471.58
1496.343	4390.49
1497.91	4282.36
1499.477	4180.47
1501.044	4059.87
1502.61	3953.83
1504.176	3865.46
1505.742	3744.86
1507.308	3602.42
1508.874	3466.23
1510.439	3370.58
1512.004	3403.85
1513.569	3639.85
1515.134	4154.48
1516.698	4958.14
1518.262	5946.86
1519.826	7012.51
1521.39	7922.21
1522.953	8607.35
1524.517	9064.8
1526.08	9413.09
1527.642	9741.62
1529.205	10087.83
1530.767	10531.76
1532.329	11058.87
1533.891	11573.5
1535.453	11849.01
1537.014	11824.06
1538.575	11559.99
1540.136	11056.79
1541.697	10407
1543.257	9757.21
1544.817	9175
1546.377	8662.45
1547.937	8027.22
1549.497	7257.87
1551.056	6443.82
1552.615	5616.25
1554.174	4822.99
1555.732	4157.6
1557.29	3736.54
1558.848	3598.27
1560.406	3708.47
1561.964	4012.05
1563.521	4412.32
1565.078	4871.85
1566.635	5320.98
1568.192	5706.7
1569.748	5996.76
1571.304	6172.46
1572.86	6207.81
1574.416	6120.48
1575.971	5908.39
1577.526	5618.33
1579.081	5270.04
1580.636	4881.21
1582.19	4460.14
1583.744	4029.72
1585.298	3574.35
1586.852	3174.08
1588.405	2823.72
1589.958	2544.05
1591.511	2317.4
1593.064	2150.02
1594.616	2005.51
1596.169	1886.98
1597.721	1799.65
1599.272	1741.43
1600.824	1726.88
1602.375	1751.83
1603.926	1822.52
1605.477	1940.01
1607.027	2082.44
1608.577	2259.18
1610.127	2446.32
1611.677	2627.22
1613.226	2824.76
1614.775	3008.78
1616.324	3162.65
1617.873	3267.65
1619.422	3315.48
1620.97	3321.72
1622.518	3275.97
1624.065	3214.63
1625.613	3139.77
1627.16	3067
1628.707	2993.18
1630.253	2924.57
1631.8	2843.47
1633.346	2735.35
1634.892	2586.68
1636.438	2394.34
1637.983	2182.25
1639.528	1954.56
1641.073	1724.8
1642.618	1519.98
1644.162	1344.28
1645.706	1199.77
1647.25	1070.85
1648.793	942.97
1650.337	849.4
1651.88	769.35
1653.423	680.98
1654.965	611.32
1656.507	555.18
1658.049	510.47
1659.591	476.16
1661.133	451.21
1662.674	421.06
1664.215	407.55
1665.756	403.39
1667.296	404.43
1668.836	388.83
1670.376	391.95
1671.916	387.79
1673.455	394.03
1674.994	397.15
1676.533	402.35
1678.072	408.59
1679.61	412.75
1681.148	410.67
1682.686	423.14
1684.224	432.5
1685.761	446.01
1687.298	456.41
1688.835	468.89
1690.371	479.28
1691.907	485.52
1693.443	496.96
1694.979	514.63
1696.514	530.23
1698.049	539.58
1699.584	547.9
1701.119	561.42
1702.653	575.97
1704.187	590.53
1705.721	605.08
1707.255	624.84
1708.788	632.11
1710.321	647.71
