898.735	5036.12
900.365	5147.36
901.994	5254.44
903.623	5328.26
905.253	5430.15
906.882	5510.2
908.511	5599.61
910.14	5676.55
911.768	5755.56
913.397	5852.25
915.026	5953.1
916.654	6076.82
918.282	6270.19
919.911	6469.81
921.539	6728.68
923.167	6985.48
924.795	7257.87
926.422	7507.39
928.05	7726.76
929.678	7908.7
931.305	8053.21
932.932	8143.66
934.56	8208.12
936.187	8261.14
937.814	8303.77
939.44	8349.51
941.067	8406.69
942.694	8454.52
944.32	8516.9
945.947	8564.72
947.573	8617.75
949.199	8617.75
950.825	8599.03
952.451	8530.41
954.077	8423.33
955.703	8290.25
957.328	8144.7
958.954	7990.83
960.579	7872.31
962.204	7740.27
963.829	7647.74
965.454	7554.17
967.079	7477.24
968.704	7409.66
970.329	7375.35
971.953	7347.28
973.578	7393.03
975.202	7483.48
976.826	7665.42
978.45	7876.47
980.074	8061.53
981.698	8173.81
983.321	8193.56
984.945	8144.7
986.568	8022.02
988.191	7781.86
989.815	7503.23
991.438	7221.48
993.061	7010.43
994.683	6801.46
996.306	6615.36
997.929	6455.25
999.551	6338.81
1001.173	6284.75
1002.795	6320.1
1004.417	6452.13
1006.039	6730.76
1007.661	7174.7
1009.283	7713.24
1010.904	8306.89
1012.526	8782.01
1014.147	9034.65
1015.768	9028.41
1017.389	8768.5
1019.01	8281.94
1020.63	7640.47
1022.251	6971.96
1023.871	6378.32
1025.492	5929.18
1027.112	5637.04
1028.732	5422.87
1030.352	5253.4
1031.972	5112.01
1033.591	5009.08
1035.211	4910.32
1036.83	4777.24
1038.45	4617.13
1040.069	4398.8
1041.688	4146.17
1043.307	3865.46
1044.925	3559.8
1046.544	3254.14
1048.162	2971.35
1049.781	2747.82
1051.399	2566.92
1053.017	2421.37
1054.635	2290.37
1056.253	2182.25
1057.87	2080.36
1059.488	1971.2
1061.105	1878.67
1062.722	1785.1
1064.339	1707.12
1065.956	1632.27
1067.573	1571.97
1069.19	1501.27
1070.806	1452.41
1072.423	1407.7
1074.039	1358.84
1075.655	1325.57
1077.271	1276.7
1078.887	1238.24
1080.502	1207.05
1082.118	1177.94
1083.733	1144.67
1085.348	1098.92
1086.963	1073.97
1088.578	1045.9
1090.193	1011.59
1091.808	984.56
1093.422	950.25
1095.037	930.5
1096.651	901.39
1098.265	872.28
1099.879	847.32
1101.493	822.37
1103.106	795.34
1104.72	765.19
1106.333	744.4
1107.946	720.48
1109.559	699.69
1111.172	678.9
1112.785	657.07
1114.398	639.39
1116.01	612.36
1117.622	596.77
1119.234	584.29
1120.846	562.46
1122.458	544.78
1124.07	528.15
1125.681	510.47
1127.293	498
1128.904	477.2
1130.515	466.81
1132.126	448.09
1133.737	440.82
1135.347	420.02
1136.958	408.59
1138.568	390.91
1140.178	383.63
1141.788	372.2
1143.398	360.76
1145.008	351.41
1146.617	342.05
1148.227	331.65
1149.836	319.18
1151.445	315.02
1153.054	303.58
1154.663	291.1
1156.271	284.87
1157.88	269.27
1159.488	270.31
1161.096	258.88
1162.704	247.44
1164.312	249.52
1165.92	238.08
1167.527	230.8
1169.134	214.17
1170.741	214.17
1172.348	220.41
1173.955	205.85
1175.562	197.54
1177.168	192.34
1178.775	190.26
1180.381	182.98
1181.987	177.78
1183.593	177.78
1185.199	175.7
1186.804	171.54
1188.409	163.23
1190.015	163.23
1191.62	163.23
1193.225	149.71
1194.829	150.75
1196.434	145.55
1198.038	138.27
1199.642	139.31
1201.246	140.35
1202.85	131
1204.454	123.72
1206.057	125.8
1207.661	124.76
1209.264	122.68
1210.867	117.48
1212.47	122.68
1214.073	118.52
1215.675	103.97
1217.277	113.32
1218.88	108.12
1220.482	100.85
1222.083	105.01
1223.685	109.16
1225.287	95.65
1226.888	97.73
1228.489	91.49
1230.09	96.69
1231.691	86.29
1233.292	91.49
1234.892	90.45
1236.492	88.37
1238.092	83.17
1239.692	84.21
1241.292	90.45
1242.892	81.09
1244.491	84.21
1246.09	80.05
1247.689	80.05
1249.288	81.09
1250.887	70.7
1252.485	74.86
1254.084	76.93
1255.682	70.7
1257.28	67.58
1258.878	73.82
1260.475	66.54
1262.073	63.42
1263.67	69.66
1265.267	65.5
1266.864	64.46
1268.461	62.38
1270.057	65.5
1271.654	60.3
1273.25	61.34
1274.846	64.46
1276.442	56.14
1278.037	57.18
1279.633	53.02
1281.228	57.18
1282.823	61.34
1284.418	53.02
1286.013	49.9
1287.608	59.26
1289.202	51.98
1290.796	51.98
1292.39	47.82
1293.984	50.94
1295.577	41.59
1297.171	46.78
1298.764	55.1
1300.357	51.98
1301.95	43.67
1303.543	46.78
1305.135	42.63
1306.728	50.94
1308.32	46.78
1309.912	50.94
1311.503	43.67
1313.095	43.67
1314.686	45.75
1316.277	47.82
1317.868	42.63
1319.459	42.63
1321.05	40.55
1322.64	55.1
1324.23	40.55
1325.82	37.43
1327.41	37.43
1329	40.55
1330.589	38.47
1332.179	37.43
1333.768	42.63
1335.357	38.47
1336.945	33.27
1338.534	43.67
1340.122	38.47
1341.71	37.43
1343.298	34.31
1344.886	40.55
1346.473	39.51
1348.06	36.39
1349.648	37.43
1351.234	35.35
1352.821	36.39
1354.408	34.31
1355.994	35.35
1357.58	38.47
1359.166	37.43
1360.752	39.51
1362.337	39.51
1363.923	33.27
1365.508	34.31
1367.093	38.47
1368.677	37.43
1370.262	43.67
1371.846	32.23
1373.43	39.51
1375.014	29.11
1376.598	40.55
1378.181	38.47
1379.765	43.67
1381.348	40.55
1382.931	35.35
1384.513	42.63
1386.096	33.27
1387.678	40.55
1389.26	33.27
1390.842	37.43
1392.424	41.59
1394.005	40.55
1395.586	37.43
1397.168	37.43
1398.748	35.35
1400.329	36.39
1401.909	40.55
1403.49	47.82
1405.07	53.02
1406.649	46.78
1408.229	40.55
1409.808	44.71
1411.388	45.75
1412.967	44.71
1414.545	47.82
1416.124	44.71
1417.702	49.9
1419.28	51.98
1420.858	59.26
1422.436	51.98
1424.013	56.14
1425.591	54.06
1427.168	57.18
1428.745	59.26
1430.321	60.3
1431.898	62.38
1433.474	71.74
1435.05	74.86
1436.626	83.17
1438.201	84.21
1439.777	94.61
1441.352	97.73
1442.927	105.01
1444.501	121.64
1446.076	127.88
1447.65	150.75
1449.224	155.95
1450.798	181.94
1452.372	200.65
1453.945	220.41
1455.518	247.44
1457.091	276.55
1458.664	316.06
1460.236	358.68
1461.809	399.23
1463.381	454.33
1464.953	545.82
1466.524	653.95
1468.096	822.37
1469.667	1058.37
1471.238	1340.12
1472.809	1659.3
1474.379	1960.8
1475.949	2219.68
1477.519	2420.33
1479.089	2543.01
1480.659	2608.51
1482.228	2619.94
1483.798	2604.35
1485.366	2607.47
1486.935	2613.71
1488.504	2639.7
1490.072	2671.93
1491.64	2687.52
1493.208	2676.09
1494.776	2637.62
1496.343	2587.71
1497.91	2517.02
1499.477	2457.76
1501.044	2396.42
1502.61	2336.12
1504.176	2285.17
1505.742	2219.68
1507.308	2136.5
1508.874	2055.41
1510.439	1997.19
1512.004	2012.78
1513.569	2147.94
1515.134	2440.08
1516.698	2906.89
1518.262	3478.7
1519.826	4098.34
1521.39	4628.57
1522.953	5030.92
1524.517	5294.99
1526.08	5497.72
1527.642	5681.74
1529.205	5882.4
1530.767	6130.88
1532.329	6423.02
1533.891	6718.29
1535.453	6871.12
1537.014	6866.96
1538.575	6712.05
1540.136	6424.06
1541.697	6040.43
1543.257	5665.11
1544.817	5323.06
1546.377	5019.48
1547.937	4656.64
1549.497	4208.55
1551.056	3736.54
1552.615	3257.26
1554.174	2790.45
1555.732	2405.77
1557.29	2161.45
1558.848	2069.96
1560.406	2132.34
1561.964	2299.73
1563.521	2520.14
1565.078	2785.25
1566.635	3037.89
1568.192	3253.1
1569.748	3414.25
1571.304	3515.09
1572.86	3534.85
1574.416	3490.14
1575.971	3369.54
1577.526	3214.63
1579.081	3003.58
1580.636	2784.21
1582.19	2543.01
1583.744	2304.93
1585.298	2046.05
1586.852	1816.29
1588.405	1616.67
1589.958	1456.56
1591.511	1327.65
1593.064	1232
1594.616	1148.82
1596.169	1083.33
1597.721	1032.38
1599.272	994.96
1600.824	992.88
1602.375	1013.67
1603.926	1047.98
1605.477	1117.64
1607.027	1198.73
1608.577	1296.46
1610.127	1404.58
1611.677	1500.23
1613.226	1614.59
1614.775	1713.36
1616.324	1800.69
1617.873	1860.99
1619.422	1890.1
1620.97	1892.18
1622.518	1869.31
1624.065	1832.92
1625.613	1790.3
1627.16	1748.71
1628.707	1710.24
1630.253	1678.01
1631.8	1622.91
1633.346	1563.65
1634.892	1480.48
1636.438	1365.07
1637.983	1251.75
1639.528	1129.07
1641.073	1002.23
1642.618	877.47
1644.162	779.75
1645.706	710.09
1647.25	636.27
1648.793	565.58
1650.337	508.39
1651.88	469.93
1653.423	416.9
1654.965	373.24
1656.507	342.05
1658.049	322.29
1659.591	305.66
1661.133	284.87
1662.674	268.23
1664.215	267.19
1665.756	264.07
1667.296	271.35
1668.836	259.92
1670.376	263.03
1671.916	260.95
1673.455	259.92
1674.994	264.07
1676.533	273.43
1678.072	272.39
1679.61	276.55
1681.148	274.47
1682.686	283.83
1684.224	292.14
1685.761	301.5
1687.298	302.54
1688.835	310.86
1690.371	326.45
1691.907	323.33
1693.443	335.81
1694.979	339.97
1696.514	351.41
1698.049	353.48
1699.584	367
1701.119	375.32
1702.653	379.48
1704.187	392.99
1705.721	404.43
1707.255	414.82
1708.788	423.14
1710.321	433.54
