898.735	4493.41
900.365	4586.98
901.994	4686.79
903.623	4752.29
905.253	4847.94
906.882	4913.44
908.511	4993.49
910.14	5056.91
911.768	5139.04
913.397	5222.21
915.026	5315.78
916.654	5421.83
918.282	5594.41
919.911	5775.31
921.539	6001.96
923.167	6241.08
924.795	6496.84
926.422	6707.89
928.05	6915.82
929.678	7076.97
931.305	7200.69
932.932	7272.43
934.56	7333.77
936.187	7380.55
937.814	7409.66
939.44	7441.89
941.067	7489.71
942.694	7505.31
944.32	7541.7
945.947	7550.01
947.573	7574.97
949.199	7567.69
950.825	7544.82
952.451	7482.44
954.077	7389.91
955.703	7278.66
957.328	7167.42
958.954	7035.38
960.579	6935.58
962.204	6830.57
963.829	6748.44
965.454	6666.3
967.079	6592.49
968.704	6522.83
970.329	6469.81
971.953	6425.1
973.578	6427.18
975.202	6452.13
976.826	6546.74
978.45	6665.26
980.074	6751.56
981.698	6805.62
983.321	6802.5
984.945	6744.28
986.568	6640.31
988.191	6457.33
989.815	6244.2
991.438	6027.95
993.061	5866.8
994.683	5680.71
996.306	5533.07
997.929	5388.56
999.551	5285.63
1001.173	5222.21
1002.795	5211.82
1004.417	5275.24
1006.039	5429.11
1007.661	5691.1
1009.283	6017.56
1010.904	6375.2
1012.526	6672.54
1014.147	6823.29
1015.768	6809.78
1017.389	6617.44
1019.01	6293.07
1020.63	5850.17
1022.251	5385.44
1023.871	4964.38
1025.492	4640
1027.112	4419.6
1028.732	4255.33
1030.352	4120.17
1031.972	4004.77
1033.591	3912.24
1035.211	3826.99
1036.83	3721.98
1038.45	3592.03
1040.069	3428.8
1041.688	3252.06
1043.307	3044.13
1044.925	2823.72
1046.544	2613.71
1048.162	2416.17
1049.781	2252.94
1051.399	2115.71
1053.017	2003.43
1054.635	1904.66
1056.253	1821.49
1057.87	1742.47
1059.488	1654.1
1061.105	1590.68
1062.722	1516.86
1064.339	1454.49
1065.956	1397.3
1067.573	1343.24
1069.19	1290.22
1070.806	1252.79
1072.423	1216.4
1074.039	1171.7
1075.655	1137.39
1077.271	1101
1078.887	1065.65
1080.502	1039.66
1082.118	1007.43
1083.733	982.48
1085.348	947.13
1086.963	930.5
1088.578	897.23
1090.193	872.28
1091.808	841.09
1093.422	820.29
1095.037	804.7
1096.651	776.63
1098.265	750.63
1099.879	724.64
1101.493	701.77
1103.106	680.98
1104.72	652.91
1106.333	645.63
1107.946	618.6
1109.559	599.88
1111.172	583.25
1112.785	563.5
1114.398	546.86
1116.01	529.19
1117.622	511.51
1119.234	500.08
1120.846	481.36
1122.458	466.81
1124.07	444.97
1125.681	435.62
1127.293	421.06
1128.904	407.55
1130.515	399.23
1132.126	379.48
1133.737	371.16
1135.347	357.64
1136.958	348.29
1138.568	328.53
1140.178	324.37
1141.788	321.26
1143.398	307.74
1145.008	298.38
1146.617	294.22
1148.227	287.99
1149.836	271.35
1151.445	265.11
1153.054	254.72
1154.663	248.48
1156.271	241.2
1157.88	230.8
1159.488	229.76
1161.096	211.05
1162.704	208.97
1164.312	208.97
1165.92	202.73
1167.527	194.42
1169.134	189.22
1170.741	179.86
1172.348	180.9
1173.955	171.54
1175.562	158.03
1177.168	154.91
1178.775	159.07
1180.381	154.91
1181.987	148.67
1183.593	146.59
1185.199	146.59
1186.804	144.51
1188.409	137.24
1190.015	137.24
1191.62	128.92
1193.225	124.76
1194.829	127.88
1196.434	119.56
1198.038	118.52
1199.642	111.24
1201.246	117.48
1202.85	105.01
1204.454	103.97
1206.057	106.05
1207.661	101.89
1209.264	99.81
1210.867	95.65
1212.47	94.61
1214.073	89.41
1215.675	86.29
1217.277	86.29
1218.88	88.37
1220.482	80.05
1222.083	85.25
1223.685	89.41
1225.287	76.93
1226.888	80.05
1228.489	73.82
1230.09	75.9
1231.691	70.7
1233.292	72.78
1234.892	73.82
1236.492	67.58
1238.092	67.58
1239.692	64.46
1241.292	64.46
1242.892	63.42
1244.491	63.42
1246.09	63.42
1247.689	54.06
1249.288	63.42
1250.887	54.06
1252.485	54.06
1254.084	64.46
1255.682	60.3
1257.28	46.78
1258.878	56.14
1260.475	50.94
1262.073	55.1
1263.67	47.82
1265.267	45.75
1266.864	53.02
1268.461	47.82
1270.057	49.9
1271.654	45.75
1273.25	48.86
1274.846	53.02
1276.442	45.75
1278.037	43.67
1279.633	40.55
1281.228	49.9
1282.823	53.02
1284.418	38.47
1286.013	39.51
1287.608	44.71
1289.202	36.39
1290.796	41.59
1292.39	38.47
1293.984	36.39
1295.577	38.47
1297.171	35.35
1298.764	39.51
1300.357	40.55
1301.95	37.43
1303.543	32.23
1305.135	32.23
1306.728	43.67
1308.32	36.39
1309.912	35.35
1311.503	29.11
1313.095	33.27
1314.686	33.27
1316.277	35.35
1317.868	37.43
1319.459	36.39
1321.05	36.39
1322.64	40.55
1324.23	31.19
1325.82	28.07
1327.41	30.15
1329	29.11
1330.589	31.19
1332.179	30.15
1333.768	29.11
1335.357	30.15
1336.945	29.11
1338.534	36.39
1340.122	24.95
1341.71	31.19
1343.298	27.03
1344.886	31.19
1346.473	31.19
1348.06	27.03
1349.648	31.19
1351.234	28.07
1352.821	28.07
1354.408	20.79
1355.994	23.91
1357.58	27.03
1359.166	27.03
1360.752	34.31
1362.337	21.83
1363.923	29.11
1365.508	18.71
1367.093	34.31
1368.677	27.03
1370.262	34.31
1371.846	23.91
1373.43	30.15
1375.014	20.79
1376.598	32.23
1378.181	22.87
1379.765	32.23
1381.348	27.03
1382.931	24.95
1384.513	29.11
1386.096	31.19
1387.678	28.07
1389.26	24.95
1390.842	27.03
1392.424	24.95
1394.005	32.23
1395.586	31.19
1397.168	20.79
1398.748	23.91
1400.329	25.99
1401.909	21.83
1403.49	35.35
1405.07	35.35
1406.649	33.27
1408.229	27.03
1409.808	27.03
1411.388	28.07
1412.967	23.91
1414.545	33.27
1416.124	30.15
1417.702	33.27
1419.28	37.43
1420.858	36.39
1422.436	25.99
1424.013	45.75
1425.591	39.51
1427.168	41.59
1428.745	38.47
1430.321	39.51
1431.898	37.43
1433.474	49.9
1435.05	47.82
1436.626	54.06
1438.201	51.98
1439.777	58.22
1441.352	61.34
1442.927	65.5
1444.501	79.01
1446.076	81.09
1447.65	90.45
1449.224	99.81
1450.798	112.28
1452.372	121.64
1453.945	135.16
1455.518	146.59
1457.091	168.43
1458.664	192.34
1460.236	212.09
1461.809	239.12
1463.381	265.11
1464.953	322.29
1466.524	381.56
1468.096	470.97
1469.667	599.88
1471.238	755.83
1472.809	930.5
1474.379	1095.8
1475.949	1240.31
1477.519	1368.19
1479.089	1431.61
1480.659	1475.28
1482.228	1489.83
1483.798	1475.28
1485.366	1490.87
1486.935	1489.83
1488.504	1506.47
1490.072	1528.3
1491.64	1539.74
1493.208	1528.3
1494.776	1516.86
1496.343	1491.91
1497.91	1451.37
1499.477	1418.1
1501.044	1403.54
1502.61	1385.87
1504.176	1385.87
1505.742	1374.43
1507.308	1351.56
1508.874	1322.45
1510.439	1288.14
1512.004	1274.62
1513.569	1321.41
1515.134	1444.09
1516.698	1669.69
1518.262	1949.36
1519.826	2279.98
1521.39	2563.8
1522.953	2783.17
1524.517	2931.84
1526.08	3050.36
1527.642	3159.53
1529.205	3272.85
1530.767	3409.05
1532.329	3569.15
1533.891	3735.5
1535.453	3821.79
1537.014	3818.67
1538.575	3742.78
1540.136	3581.63
1541.697	3372.66
1543.257	3162.65
1544.817	2963.03
1546.377	2795.65
1547.937	2584.6
1549.497	2337.16
1551.056	2074.12
1552.615	1812.13
1554.174	1564.69
1555.732	1354.68
1557.29	1225.76
1558.848	1177.94
1560.406	1207.05
1561.964	1294.38
1563.521	1421.22
1565.078	1567.81
1566.635	1699.84
1568.192	1819.41
1569.748	1908.82
1571.304	1967.04
1572.86	1975.35
1574.416	1949.36
1575.971	1878.67
1577.526	1793.41
1579.081	1676.97
1580.636	1550.13
1582.19	1422.26
1583.744	1290.22
1585.298	1145.71
1586.852	1024.07
1588.405	923.22
1589.958	831.73
1591.511	766.23
1593.064	719.45
1594.616	678.9
1596.169	639.39
1597.721	617.56
1599.272	596.77
1600.824	594.69
1602.375	608.2
1603.926	627.95
1605.477	663.3
1607.027	699.69
1608.577	753.75
1610.127	820.29
1611.677	865
1613.226	923.22
1614.775	983.52
1616.324	1030.3
1617.873	1066.69
1619.422	1083.33
1620.97	1085.41
1622.518	1067.73
1624.065	1056.3
1625.613	1034.46
1627.16	1002.23
1628.707	994.96
1630.253	963.77
1631.8	939.85
1633.346	910.74
1634.892	866.04
1636.438	809.9
1637.983	744.4
1639.528	678.9
1641.073	608.2
1642.618	546.86
1644.162	485.52
1645.706	449.13
1647.25	417.94
1648.793	363.88
1650.337	336.85
1651.88	319.18
1653.423	293.18
1654.965	272.39
1656.507	254.72
1658.049	246.4
1659.591	237.04
1661.133	228.73
1662.674	223.53
1664.215	220.41
1665.756	219.37
1667.296	223.53
1668.836	218.33
1670.376	221.45
1671.916	224.57
1673.455	223.53
1674.994	228.73
1676.533	239.12
1678.072	238.08
1679.61	240.16
1681.148	238.08
1682.686	254.72
1684.224	258.88
1685.761	270.31
1687.298	272.39
1688.835	279.67
1690.371	283.83
1691.907	291.1
1693.443	298.38
1694.979	301.5
1696.514	313.98
1698.049	313.98
1699.584	324.37
1701.119	327.49
1702.653	338.93
1704.187	349.33
1705.721	360.76
1707.255	364.92
1708.788	374.28
1710.321	380.52
