898.735	3985.02
900.365	4071.31
901.994	4165.92
903.623	4225.18
905.253	4313.55
906.882	4379.05
908.511	4453.91
910.14	4526.68
911.768	4593.22
913.397	4670.15
915.026	4761.65
916.654	4863.53
918.282	5021.56
919.911	5193.1
921.539	5405.19
923.167	5619.37
924.795	5844.97
926.422	6047.71
928.05	6231.73
929.678	6388.71
931.305	6505.16
932.932	6573.77
934.56	6640.31
936.187	6679.82
937.814	6708.93
939.44	6733.88
941.067	6769.23
942.694	6781.71
944.32	6811.86
945.947	6820.17
947.573	6829.53
949.199	6812.9
950.825	6788.98
952.451	6743.24
954.077	6672.54
955.703	6584.17
957.328	6505.16
958.954	6403.27
960.579	6336.73
962.204	6244.2
963.829	6172.46
965.454	6085.13
967.079	6015.48
968.704	5934.38
970.329	5878.24
971.953	5815.86
973.578	5788.83
975.202	5772.2
976.826	5783.63
978.45	5802.35
980.074	5813.78
981.698	5796.11
983.321	5754.52
984.945	5681.74
986.568	5589.21
988.191	5450.94
989.815	5298.11
991.438	5136.96
993.061	5011.16
994.683	4869.77
996.306	4753.33
997.929	4625.45
999.551	4527.72
1001.173	4448.71
1002.795	4406.08
1004.417	4391.53
1006.039	4436.23
1007.661	4539.16
1009.283	4659.76
1010.904	4806.35
1012.526	4916.55
1014.147	4962.3
1015.768	4919.67
1017.389	4791.8
1019.01	4595.3
1020.63	4339.54
1022.251	4070.27
1023.871	3829.07
1025.492	3610.74
1027.112	3474.55
1028.732	3350.83
1030.352	3246.86
1031.972	3147.05
1033.591	3078.43
1035.211	3000.46
1036.83	2919.37
1038.45	2826.84
1040.069	2720.79
1041.688	2596.03
1043.307	2467.11
1044.925	2326.76
1046.544	2194.72
1048.162	2063.73
1049.781	1947.28
1051.399	1852.68
1053.017	1774.7
1054.635	1699.84
1056.253	1636.43
1057.87	1580.28
1059.488	1513.75
1061.105	1461.76
1062.722	1400.42
1064.339	1356.76
1065.956	1312.05
1067.573	1263.19
1069.19	1215.36
1070.806	1186.25
1072.423	1154.02
1074.039	1117.64
1075.655	1084.37
1077.271	1053.18
1078.887	1015.75
1080.502	997.03
1082.118	965.84
1083.733	942.97
1085.348	907.62
1086.963	890.99
1088.578	858.76
1090.193	834.85
1091.808	817.17
1093.422	788.06
1095.037	768.31
1096.651	743.36
1098.265	724.64
1099.879	698.65
1101.493	678.9
1103.106	654.99
1104.72	632.11
1106.333	622.76
1107.946	597.8
1109.559	581.17
1111.172	567.65
1112.785	548.94
1114.398	536.46
1116.01	513.59
1117.622	501.12
1119.234	486.56
1120.846	470.97
1122.458	454.33
1124.07	440.82
1125.681	427.3
1127.293	416.9
1128.904	403.39
1130.515	387.79
1132.126	371.16
1133.737	368.04
1135.347	348.29
1136.958	338.93
1138.568	329.57
1140.178	316.06
1141.788	312.94
1143.398	299.42
1145.008	296.3
1146.617	289.03
1148.227	279.67
1149.836	267.19
1151.445	264.07
1153.054	253.68
1154.663	240.16
1156.271	233.92
1157.88	224.57
1159.488	223.53
1161.096	215.21
1162.704	206.89
1164.312	205.85
1165.92	200.65
1167.527	193.38
1169.134	188.18
1170.741	180.9
1172.348	176.74
1173.955	169.46
1175.562	166.35
1177.168	161.15
1178.775	160.11
1180.381	153.87
1181.987	147.63
1183.593	148.67
1185.199	148.67
1186.804	144.51
1188.409	132.04
1190.015	134.12
1191.62	136.2
1193.225	127.88
1194.829	125.8
1196.434	116.44
1198.038	117.48
1199.642	114.36
1201.246	113.32
1202.85	107.09
1204.454	106.05
1206.057	107.09
1207.661	103.97
1209.264	99.81
1210.867	96.69
1212.47	99.81
1214.073	93.57
1215.675	89.41
1217.277	88.37
1218.88	86.29
1220.482	80.05
1222.083	85.25
1223.685	88.37
1225.287	73.82
1226.888	76.93
1228.489	75.9
1230.09	84.21
1231.691	71.74
1233.292	73.82
1234.892	73.82
1236.492	73.82
1238.092	65.5
1239.692	68.62
1241.292	70.7
1242.892	68.62
1244.491	63.42
1246.09	67.58
1247.689	64.46
1249.288	60.3
1250.887	59.26
1252.485	56.14
1254.084	62.38
1255.682	64.46
1257.28	48.86
1258.878	56.14
1260.475	54.06
1262.073	49.9
1263.67	44.71
1265.267	46.78
1266.864	53.02
1268.461	48.86
1270.057	47.82
1271.654	46.78
1273.25	46.78
1274.846	45.75
1276.442	39.51
1278.037	45.75
1279.633	40.55
1281.228	43.67
1282.823	46.78
1284.418	38.47
1286.013	36.39
1287.608	42.63
1289.202	39.51
1290.796	41.59
1292.39	41.59
1293.984	34.31
1295.577	31.19
1297.171	36.39
1298.764	38.47
1300.357	37.43
1301.95	33.27
1303.543	37.43
1305.135	30.15
1306.728	44.71
1308.32	38.47
1309.912	40.55
1311.503	33.27
1313.095	25.99
1314.686	33.27
1316.277	38.47
1317.868	29.11
1319.459	35.35
1321.05	32.23
1322.64	37.43
1324.23	34.31
1325.82	31.19
1327.41	31.19
1329	27.03
1330.589	32.23
1332.179	29.11
1333.768	39.51
1335.357	29.11
1336.945	24.95
1338.534	38.47
1340.122	25.99
1341.71	24.95
1343.298	31.19
1344.886	31.19
1346.473	28.07
1348.06	31.19
1349.648	28.07
1351.234	32.23
1352.821	24.95
1354.408	18.71
1355.994	22.87
1357.58	35.35
1359.166	30.15
1360.752	29.11
1362.337	29.11
1363.923	30.15
1365.508	21.83
1367.093	32.23
1368.677	24.95
1370.262	29.11
1371.846	25.99
1373.43	29.11
1375.014	22.87
1376.598	30.15
1378.181	30.15
1379.765	30.15
1381.348	29.11
1382.931	24.95
1384.513	31.19
1386.096	34.31
1387.678	27.03
1389.26	25.99
1390.842	23.91
1392.424	32.23
1394.005	32.23
1395.586	24.95
1397.168	19.75
1398.748	29.11
1400.329	25.99
1401.909	27.03
1403.49	30.15
1405.07	34.31
1406.649	38.47
1408.229	30.15
1409.808	30.15
1411.388	30.15
1412.967	31.19
1414.545	31.19
1416.124	38.47
1417.702	37.43
1419.28	39.51
1420.858	38.47
1422.436	35.35
1424.013	39.51
1425.591	39.51
1427.168	42.63
1428.745	37.43
1430.321	44.71
1431.898	41.59
1433.474	53.02
1435.05	57.18
1436.626	57.18
1438.201	58.22
1439.777	69.66
1441.352	66.54
1442.927	70.7
1444.501	88.37
1446.076	87.33
1447.65	105.01
1449.224	113.32
1450.798	126.84
1452.372	134.12
1453.945	151.79
1455.518	173.62
1457.091	189.22
1458.664	221.45
1460.236	241.2
1461.809	271.35
1463.381	306.7
1464.953	361.8
1466.524	428.34
1468.096	525.03
1469.667	663.3
1471.238	832.77
1472.809	1026.14
1474.379	1211.2
1475.949	1380.67
1477.519	1514.79
1479.089	1600.04
1480.659	1645.78
1482.228	1668.66
1483.798	1655.14
1485.366	1663.46
1486.935	1662.42
1488.504	1683.21
1490.072	1705.04
1491.64	1712.32
1493.208	1699.84
1494.776	1687.37
1496.343	1661.38
1497.91	1611.47
1499.477	1578.2
1501.044	1543.9
1502.61	1498.15
1504.176	1468
1505.742	1417.06
1507.308	1367.15
1508.874	1322.45
1510.439	1280.86
1512.004	1282.94
1513.569	1346.36
1515.134	1498.15
1516.698	1752.87
1518.262	2072.04
1519.826	2415.13
1521.39	2729.11
1522.953	2968.23
1524.517	3126.26
1526.08	3248.94
1527.642	3359.14
1529.205	3480.78
1530.767	3616.98
1532.329	3779.17
1533.891	3936.15
1535.453	4033.88
1537.014	4037
1538.575	3949.67
1540.136	3789.56
1541.697	3565
1543.257	3343.55
1544.817	3138.74
1546.377	2952.64
1547.937	2731.19
1549.497	2467.11
1551.056	2195.76
1552.615	1921.29
1554.174	1654.1
1555.732	1437.85
1557.29	1303.73
1558.848	1263.19
1560.406	1296.46
1561.964	1395.22
1563.521	1536.62
1565.078	1689.45
1566.635	1840.2
1568.192	1974.32
1569.748	2075.16
1571.304	2138.58
1572.86	2152.1
1574.416	2126.11
1575.971	2053.33
1577.526	1963.92
1579.081	1839.16
1580.636	1706.08
1582.19	1559.49
1583.744	1413.94
1585.298	1253.83
1586.852	1125.95
1588.405	1000.15
1589.958	900.35
1591.511	827.57
1593.064	768.31
1594.616	722.56
1596.169	677.86
1597.721	649.79
1599.272	627.95
1600.824	630.03
1602.375	641.47
1603.926	662.26
1605.477	708.01
1607.027	751.67
1608.577	813.01
1610.127	879.55
1611.677	930.5
1613.226	997.03
1614.775	1058.37
1616.324	1105.16
1617.873	1144.67
1619.422	1157.14
1620.97	1159.22
1622.518	1143.63
1624.065	1134.27
1625.613	1107.24
1627.16	1078.13
1628.707	1060.45
1630.253	1040.7
1631.8	1006.39
1633.346	967.92
1634.892	919.06
1636.438	855.64
1637.983	783.9
1639.528	716.33
1641.073	643.55
1642.618	573.89
1644.162	515.67
1645.706	472.01
1647.25	430.42
1648.793	379.48
1650.337	350.37
1651.88	325.41
1653.423	294.22
1654.965	276.55
1656.507	255.76
1658.049	246.4
1659.591	228.73
1661.133	220.41
1662.674	219.37
1664.215	212.09
1665.756	214.17
1667.296	216.25
1668.836	203.77
1670.376	213.13
1671.916	208.97
1673.455	215.21
1674.994	210.01
1676.533	220.41
1678.072	223.53
1679.61	219.37
1681.148	220.41
1682.686	229.76
1684.224	232.88
1685.761	248.48
1687.298	240.16
1688.835	254.72
1690.371	264.07
1691.907	257.84
1693.443	271.35
1694.979	275.51
1696.514	291.1
1698.049	280.71
1699.584	297.34
1701.119	303.58
1702.653	309.82
1704.187	316.06
1705.721	322.29
1707.255	333.73
1708.788	332.69
1710.321	346.21
