898.735	5226.37
900.365	5341.78
901.994	5458.22
903.623	5547.63
905.253	5664.07
906.882	5749.32
908.511	5847.05
910.14	5929.18
911.768	6022.75
913.397	6130.88
915.026	6241.08
916.654	6379.36
918.282	6585.21
919.911	6806.66
921.539	7082.17
923.167	7368.07
924.795	7664.38
926.422	7923.25
928.05	8162.37
929.678	8370.31
931.305	8515.86
932.932	8611.51
934.56	8684.28
936.187	8745.62
937.814	8782.01
939.44	8823.6
941.067	8878.7
942.694	8902.61
944.32	8950.44
945.947	8975.39
947.573	8994.1
949.199	8981.63
950.825	8950.44
952.451	8889.1
954.077	8789.29
955.703	8667.65
957.328	8554.33
958.954	8411.89
960.579	8314.17
962.204	8194.6
963.829	8090.64
965.454	7981.47
967.079	7892.06
968.704	7796.41
970.329	7729.88
971.953	7665.42
973.578	7642.54
975.202	7647.74
976.826	7710.12
978.45	7787.06
980.074	7839.04
981.698	7858.79
983.321	7818.25
984.945	7731.96
986.568	7599.92
988.191	7409.66
989.815	7187.17
991.438	6961.57
993.061	6781.71
994.683	6585.21
996.306	6421.98
997.929	6257.72
999.551	6136.08
1001.173	6039.39
1002.795	6008.2
1004.417	6034.19
1006.039	6147.51
1007.661	6357.52
1009.283	6613.28
1010.904	6909.58
1012.526	7137.27
1014.147	7242.28
1015.768	7213.16
1017.389	7010.43
1019.01	6698.53
1020.63	6280.59
1022.251	5848.09
1023.871	5455.1
1025.492	5127.61
1027.112	4914.48
1028.732	4735.65
1030.352	4589.06
1031.972	4459.1
1033.591	4359.3
1035.211	4257.41
1036.83	4140.97
1038.45	4008.93
1040.069	3843.62
1041.688	3654.41
1043.307	3457.91
1044.925	3235.42
1046.544	3022.29
1048.162	2821.64
1049.781	2652.17
1051.399	2510.78
1053.017	2394.34
1054.635	2279.98
1056.253	2186.41
1057.87	2107.39
1059.488	2015.9
1061.105	1934.81
1062.722	1858.91
1064.339	1787.18
1065.956	1720.64
1067.573	1665.54
1069.19	1603.16
1070.806	1558.45
1072.423	1512.71
1074.039	1463.84
1075.655	1421.22
1077.271	1377.55
1078.887	1329.73
1080.502	1302.69
1082.118	1269.43
1083.733	1232
1085.348	1186.25
1086.963	1167.54
1088.578	1123.87
1090.193	1092.68
1091.808	1067.73
1093.422	1031.34
1095.037	1008.47
1096.651	972.08
1098.265	944.01
1099.879	911.78
1101.493	890.99
1103.106	854.6
1104.72	833.81
1106.333	814.05
1107.946	777.67
1109.559	759.99
1111.172	739.2
1112.785	719.45
1114.398	693.45
1116.01	672.66
1117.622	644.59
1119.234	635.23
1120.846	616.52
1122.458	591.57
1124.07	577.01
1125.681	553.1
1127.293	541.66
1128.904	523.99
1130.515	506.31
1132.126	487.6
1133.737	478.24
1135.347	458.49
1136.958	447.05
1138.568	433.54
1140.178	417.94
1141.788	406.51
1143.398	395.07
1145.008	382.6
1146.617	374.28
1148.227	363.88
1149.836	348.29
1151.445	336.85
1153.054	328.53
1154.663	318.14
1156.271	306.7
1157.88	298.38
1159.488	289.03
1161.096	276.55
1162.704	274.47
1164.312	264.07
1165.92	259.92
1167.527	249.52
1169.134	241.2
1170.741	230.8
1172.348	228.73
1173.955	220.41
1175.562	211.05
1177.168	206.89
1178.775	208.97
1180.381	194.42
1181.987	192.34
1183.593	186.1
1185.199	191.3
1186.804	177.78
1188.409	171.54
1190.015	169.46
1191.62	167.39
1193.225	165.31
1194.829	159.07
1196.434	152.83
1198.038	150.75
1199.642	147.63
1201.246	148.67
1202.85	135.16
1204.454	133.08
1206.057	132.04
1207.661	126.84
1209.264	128.92
1210.867	125.8
1212.47	120.6
1214.073	120.6
1215.675	111.24
1217.277	115.4
1218.88	113.32
1220.482	102.93
1222.083	108.12
1223.685	112.28
1225.287	92.53
1226.888	103.97
1228.489	96.69
1230.09	98.77
1231.691	94.61
1233.292	96.69
1234.892	88.37
1236.492	91.49
1238.092	89.41
1239.692	85.25
1241.292	82.13
1242.892	88.37
1244.491	82.13
1246.09	86.29
1247.689	76.93
1249.288	79.01
1250.887	63.42
1252.485	76.93
1254.084	71.74
1255.682	77.97
1257.28	63.42
1258.878	69.66
1260.475	62.38
1262.073	64.46
1263.67	64.46
1265.267	63.42
1266.864	61.34
1268.461	61.34
1270.057	62.38
1271.654	55.1
1273.25	57.18
1274.846	60.3
1276.442	49.9
1278.037	58.22
1279.633	55.1
1281.228	53.02
1282.823	58.22
1284.418	50.94
1286.013	44.71
1287.608	50.94
1289.202	51.98
1290.796	49.9
1292.39	45.75
1293.984	47.82
1295.577	40.55
1297.171	47.82
1298.764	45.75
1300.357	45.75
1301.95	40.55
1303.543	42.63
1305.135	40.55
1306.728	48.86
1308.32	44.71
1309.912	42.63
1311.503	40.55
1313.095	41.59
1314.686	41.59
1316.277	40.55
1317.868	37.43
1319.459	43.67
1321.05	36.39
1322.64	43.67
1324.23	38.47
1325.82	34.31
1327.41	35.35
1329	33.27
1330.589	33.27
1332.179	38.47
1333.768	39.51
1335.357	34.31
1336.945	33.27
1338.534	42.63
1340.122	35.35
1341.71	34.31
1343.298	35.35
1344.886	38.47
1346.473	40.55
1348.06	28.07
1349.648	39.51
1351.234	33.27
1352.821	29.11
1354.408	25.99
1355.994	29.11
1357.58	34.31
1359.166	34.31
1360.752	34.31
1362.337	30.15
1363.923	34.31
1365.508	29.11
1367.093	34.31
1368.677	33.27
1370.262	38.47
1371.846	33.27
1373.43	30.15
1375.014	25.99
1376.598	38.47
1378.181	32.23
1379.765	36.39
1381.348	38.47
1382.931	34.31
1384.513	36.39
1386.096	38.47
1387.678	38.47
1389.26	32.23
1390.842	34.31
1392.424	38.47
1394.005	39.51
1395.586	44.71
1397.168	30.15
1398.748	38.47
1400.329	34.31
1401.909	35.35
1403.49	43.67
1405.07	45.75
1406.649	43.67
1408.229	38.47
1409.808	40.55
1411.388	38.47
1412.967	38.47
1414.545	40.55
1416.124	45.75
1417.702	47.82
1419.28	50.94
1420.858	53.02
1422.436	56.14
1424.013	59.26
1425.591	60.3
1427.168	63.42
1428.745	59.26
1430.321	67.58
1431.898	62.38
1433.474	76.93
1435.05	79.01
1436.626	84.21
1438.201	88.37
1439.777	100.85
1441.352	102.93
1442.927	107.09
1444.501	134.12
1446.076	144.51
1447.65	163.23
1449.224	178.82
1450.798	204.81
1452.372	229.76
1453.945	252.64
1455.518	280.71
1457.091	317.1
1458.664	358.68
1460.236	408.59
1461.809	459.53
1463.381	522.95
1464.953	612.36
1466.524	740.24
1468.096	920.1
1469.667	1177.94
1471.238	1496.07
1472.809	1843.32
1474.379	2180.17
1475.949	2484.79
1477.519	2719.75
1479.089	2868.42
1480.659	2947.44
1482.228	2968.23
1483.798	2954.72
1485.366	2953.68
1486.935	2966.15
1488.504	2999.42
1490.072	3023.33
1491.64	3044.13
1493.208	3031.65
1494.776	2996.3
1496.343	2941.2
1497.91	2864.26
1499.477	2799.81
1501.044	2727.03
1502.61	2654.25
1504.176	2591.87
1505.742	2514.94
1507.308	2422.41
1508.874	2329.88
1510.439	2257.1
1512.004	2266.46
1513.569	2394.34
1515.134	2695.84
1516.698	3170.96
1518.262	3766.69
1519.826	4423.76
1521.39	4994.53
1522.953	5423.91
1524.517	5717.09
1526.08	5943.74
1527.642	6139.2
1529.205	6355.44
1530.767	6604.96
1532.329	6907.5
1533.891	7203.81
1535.453	7372.23
1537.014	7363.92
1538.575	7204.85
1540.136	6902.31
1541.697	6497.88
1543.257	6095.53
1544.817	5710.86
1546.377	5387.52
1547.937	4978.93
1549.497	4509.01
1551.056	4005.81
1552.615	3487.02
1554.174	2995.26
1555.732	2597.07
1557.29	2348.59
1558.848	2252.94
1560.406	2331.96
1561.964	2510.78
1563.521	2771.73
1565.078	3054.52
1566.635	3333.15
1568.192	3569.15
1569.748	3756.29
1571.304	3870.66
1572.86	3896.65
1574.416	3849.86
1575.971	3728.22
1577.526	3554.6
1579.081	3326.91
1580.636	3082.59
1582.19	2814.36
1583.744	2551.33
1585.298	2262.3
1586.852	2013.82
1588.405	1796.53
1589.958	1616.67
1591.511	1479.44
1593.064	1369.23
1594.616	1275.66
1596.169	1208.09
1597.721	1150.9
1599.272	1116.6
1600.824	1105.16
1602.375	1121.79
1603.926	1169.62
1605.477	1233.04
1607.027	1323.49
1608.577	1427.45
1610.127	1537.66
1611.677	1644.74
1613.226	1755.99
1614.775	1867.23
1616.324	1953.52
1617.873	2010.7
1619.422	2037.73
1620.97	2042.93
1622.518	2014.86
1624.065	1980.55
1625.613	1942.09
1627.16	1892.18
1628.707	1848.52
1630.253	1807.97
1631.8	1749.75
1633.346	1690.49
1634.892	1587.56
1636.438	1469.04
1637.983	1344.28
1639.528	1211.2
1641.073	1068.77
1642.618	949.21
1644.162	840.05
1645.706	762.07
1647.25	687.22
1648.793	603
1650.337	545.82
1651.88	496.96
1653.423	443.94
1654.965	399.23
1656.507	368.04
1658.049	344.13
1659.591	320.22
1661.133	309.82
1662.674	289.03
1664.215	284.87
1665.756	286.95
1667.296	282.79
1668.836	270.31
1670.376	279.67
1671.916	269.27
1673.455	271.35
1674.994	275.51
1676.533	284.87
1678.072	286.95
1679.61	291.1
1681.148	283.83
1682.686	297.34
1684.224	306.7
1685.761	311.9
1687.298	311.9
1688.835	325.41
1690.371	339.97
1691.907	333.73
1693.443	349.33
1694.979	354.52
1696.514	369.08
1698.049	365.96
1699.584	375.32
1701.119	386.75
1702.653	399.23
1704.187	404.43
1705.721	412.75
1707.255	421.06
1708.788	437.7
1710.321	446.01
