898.735	4318.75
900.365	4411.28
901.994	4503.81
903.623	4564.11
905.253	4650.4
906.882	4717.98
908.511	4798.03
910.14	4855.21
911.768	4930.07
913.397	5008.04
915.026	5097.46
916.654	5203.5
918.282	5356.33
919.911	5529.95
921.539	5748.28
923.167	5970.77
924.795	6207.81
926.422	6414.71
928.05	6606
929.678	6769.23
931.305	6883.59
932.932	6956.37
934.56	7014.59
936.187	7060.33
937.814	7091.52
939.44	7125.83
941.067	7174.7
942.694	7205.89
944.32	7253.71
945.947	7277.62
947.573	7311.93
949.199	7311.93
950.825	7297.38
952.451	7240.2
954.077	7154.94
955.703	7035.38
957.328	6914.78
958.954	6778.59
960.579	6677.74
962.204	6570.65
963.829	6486.44
965.454	6413.67
967.079	6354.41
968.704	6285.79
970.329	6254.6
971.953	6229.65
973.578	6255.64
975.202	6333.61
976.826	6480.2
978.45	6669.42
980.074	6824.33
981.698	6919.98
983.321	6947.01
984.945	6902.31
986.568	6798.34
988.191	6596.65
989.815	6356.48
991.438	6120.48
993.061	5932.3
994.683	5755.56
996.306	5599.61
997.929	5453.02
999.551	5358.41
1001.173	5313.7
1002.795	5333.46
1004.417	5443.66
1006.039	5681.74
1007.661	6052.9
1009.283	6515.55
1010.904	7008.35
1012.526	7414.86
1014.147	7631.11
1015.768	7636.31
1017.389	7413.82
1019.01	7009.39
1020.63	6458.37
1022.251	5883.44
1023.871	5381.28
1025.492	4993.49
1027.112	4748.13
1028.732	4565.15
1030.352	4421.68
1031.972	4297.96
1033.591	4215.82
1035.211	4128.49
1036.83	4016.21
1038.45	3868.58
1040.069	3685.6
1041.688	3479.74
1043.307	3238.54
1044.925	2973.43
1046.544	2723.91
1048.162	2488.95
1049.781	2294.53
1051.399	2148.98
1053.017	2026.3
1054.635	1914.01
1056.253	1823.56
1057.87	1737.27
1059.488	1646.82
1061.105	1568.85
1062.722	1485.67
1064.339	1424.33
1065.956	1362.99
1067.573	1302.69
1069.19	1252.79
1070.806	1212.24
1072.423	1169.62
1074.039	1132.19
1075.655	1097.88
1077.271	1060.45
1078.887	1028.22
1080.502	999.11
1082.118	972.08
1083.733	949.21
1085.348	911.78
1086.963	893.07
1088.578	866.04
1090.193	835.89
1091.808	817.17
1093.422	791.18
1095.037	772.47
1096.651	745.44
1098.265	728.8
1099.879	701.77
1101.493	678.9
1103.106	653.95
1104.72	624.84
1106.333	615.48
1107.946	597.8
1109.559	573.89
1111.172	558.3
1112.785	539.58
1114.398	527.11
1116.01	505.28
1117.622	490.72
1119.234	478.24
1120.846	466.81
1122.458	451.21
1124.07	428.34
1125.681	421.06
1127.293	409.63
1128.904	394.03
1130.515	379.48
1132.126	367
1133.737	361.8
1135.347	344.13
1136.958	334.77
1138.568	320.22
1140.178	304.62
1141.788	304.62
1143.398	294.22
1145.008	286.95
1146.617	283.83
1148.227	272.39
1149.836	261.99
1151.445	257.84
1153.054	247.44
1154.663	242.24
1156.271	227.69
1157.88	223.53
1159.488	225.61
1161.096	208.97
1162.704	202.73
1164.312	204.81
1165.92	191.3
1167.527	188.18
1169.134	178.82
1170.741	176.74
1172.348	174.66
1173.955	170.5
1175.562	159.07
1177.168	152.83
1178.775	161.15
1180.381	147.63
1181.987	142.43
1183.593	141.39
1185.199	148.67
1186.804	136.2
1188.409	138.27
1190.015	132.04
1191.62	121.64
1193.225	122.68
1194.829	119.56
1196.434	116.44
1198.038	115.4
1199.642	114.36
1201.246	111.24
1202.85	98.77
1204.454	98.77
1206.057	109.16
1207.661	103.97
1209.264	103.97
1210.867	96.69
1212.47	95.65
1214.073	92.53
1215.675	86.29
1217.277	87.33
1218.88	84.21
1220.482	84.21
1222.083	91.49
1223.685	92.53
1225.287	74.86
1226.888	83.17
1228.489	77.97
1230.09	80.05
1231.691	72.78
1233.292	76.93
1234.892	77.97
1236.492	70.7
1238.092	69.66
1239.692	66.54
1241.292	65.5
1242.892	67.58
1244.491	65.5
1246.09	63.42
1247.689	58.22
1249.288	59.26
1250.887	50.94
1252.485	57.18
1254.084	62.38
1255.682	61.34
1257.28	47.82
1258.878	59.26
1260.475	50.94
1262.073	45.75
1263.67	53.02
1265.267	49.9
1266.864	54.06
1268.461	47.82
1270.057	44.71
1271.654	47.82
1273.25	49.9
1274.846	50.94
1276.442	37.43
1278.037	46.78
1279.633	41.59
1281.228	48.86
1282.823	48.86
1284.418	41.59
1286.013	36.39
1287.608	43.67
1289.202	37.43
1290.796	41.59
1292.39	44.71
1293.984	37.43
1295.577	36.39
1297.171	44.71
1298.764	38.47
1300.357	41.59
1301.95	32.23
1303.543	37.43
1305.135	33.27
1306.728	44.71
1308.32	35.35
1309.912	34.31
1311.503	34.31
1313.095	31.19
1314.686	35.35
1316.277	34.31
1317.868	29.11
1319.459	34.31
1321.05	28.07
1322.64	35.35
1324.23	30.15
1325.82	33.27
1327.41	30.15
1329	32.23
1330.589	34.31
1332.179	29.11
1333.768	33.27
1335.357	29.11
1336.945	30.15
1338.534	35.35
1340.122	27.03
1341.71	30.15
1343.298	23.91
1344.886	30.15
1346.473	34.31
1348.06	22.87
1349.648	28.07
1351.234	27.03
1352.821	23.91
1354.408	23.91
1355.994	25.99
1357.58	28.07
1359.166	25.99
1360.752	33.27
1362.337	25.99
1363.923	24.95
1365.508	24.95
1367.093	33.27
1368.677	27.03
1370.262	30.15
1371.846	24.95
1373.43	29.11
1375.014	20.79
1376.598	29.11
1378.181	24.95
1379.765	30.15
1381.348	29.11
1382.931	27.03
1384.513	29.11
1386.096	31.19
1387.678	23.91
1389.26	25.99
1390.842	35.35
1392.424	31.19
1394.005	37.43
1395.586	21.83
1397.168	25.99
1398.748	30.15
1400.329	23.91
1401.909	24.95
1403.49	31.19
1405.07	38.47
1406.649	35.35
1408.229	29.11
1409.808	33.27
1411.388	33.27
1412.967	30.15
1414.545	30.15
1416.124	34.31
1417.702	35.35
1419.28	31.19
1420.858	35.35
1422.436	34.31
1424.013	42.63
1425.591	42.63
1427.168	41.59
1428.745	38.47
1430.321	47.82
1431.898	40.55
1433.474	48.86
1435.05	50.94
1436.626	56.14
1438.201	54.06
1439.777	67.58
1441.352	67.58
1442.927	67.58
1444.501	81.09
1446.076	87.33
1447.65	101.89
1449.224	105.01
1450.798	113.32
1452.372	129.96
1453.945	145.55
1455.518	159.07
1457.091	179.86
1458.664	206.89
1460.236	224.57
1461.809	253.68
1463.381	287.99
1464.953	342.05
1466.524	411.71
1468.096	513.59
1469.667	658.11
1471.238	835.89
1472.809	1033.42
1474.379	1212.24
1475.949	1375.47
1477.519	1510.63
1479.089	1580.28
1480.659	1627.07
1482.228	1636.43
1483.798	1627.07
1485.366	1630.19
1486.935	1642.66
1488.504	1657.22
1490.072	1678.01
1491.64	1691.53
1493.208	1683.21
1494.776	1661.38
1496.343	1629.15
1497.91	1590.68
1499.477	1554.29
1501.044	1545.98
1502.61	1537.66
1504.176	1544.94
1505.742	1537.66
1507.308	1517.9
1508.874	1488.79
1510.439	1439.93
1512.004	1435.77
1513.569	1484.64
1515.134	1634.35
1516.698	1890.1
1518.262	2214.48
1519.826	2582.52
1521.39	2913.13
1522.953	3159.53
1524.517	3328.99
1526.08	3455.83
1527.642	3581.63
1529.205	3709.51
1530.767	3871.7
1532.329	4052.6
1533.891	4251.17
1535.453	4341.62
1537.014	4346.82
1538.575	4253.25
1540.136	4070.27
1541.697	3824.91
1543.257	3588.91
1544.817	3363.3
1546.377	3176.16
1547.937	2940.16
1549.497	2658.41
1551.056	2366.27
1552.615	2066.85
1554.174	1775.74
1555.732	1533.5
1557.29	1382.75
1558.848	1321.41
1560.406	1354.68
1561.964	1456.56
1563.521	1606.28
1565.078	1765.34
1566.635	1921.29
1568.192	2057.49
1569.748	2157.3
1571.304	2217.6
1572.86	2225.91
1574.416	2197.84
1575.971	2114.67
1577.526	2021.1
1579.081	1889.06
1580.636	1753.91
1582.19	1606.28
1583.744	1450.33
1585.298	1294.38
1586.852	1152.98
1588.405	1034.46
1589.958	932.58
1591.511	854.6
1593.064	801.58
1594.616	751.67
1596.169	712.17
1597.721	685.14
1599.272	660.18
1600.824	661.22
1602.375	668.5
1603.926	697.61
1605.477	736.08
1607.027	783.9
1608.577	844.2
1610.127	907.62
1611.677	963.77
1613.226	1033.42
1614.775	1101
1616.324	1154.02
1617.873	1194.57
1619.422	1209.13
1620.97	1216.4
1622.518	1199.77
1624.065	1182.09
1625.613	1155.06
1627.16	1122.83
1628.707	1105.16
1630.253	1083.33
1631.8	1054.22
1633.346	1021.99
1634.892	968.96
1636.438	897.23
1637.983	828.61
1639.528	747.52
1641.073	665.38
1642.618	594.69
1644.162	536.46
1645.706	486.56
1647.25	441.86
1648.793	391.95
1650.337	362.84
1651.88	335.81
1653.423	300.46
1654.965	273.43
1656.507	258.88
1658.049	248.48
1659.591	230.8
1661.133	227.69
1662.674	218.33
1664.215	214.17
1665.756	215.21
1667.296	219.37
1668.836	210.01
1670.376	219.37
1671.916	218.33
1673.455	215.21
1674.994	222.49
1676.533	232.88
1678.072	227.69
1679.61	231.84
1681.148	228.73
1682.686	242.24
1684.224	247.44
1685.761	256.8
1687.298	256.8
1688.835	269.27
1690.371	280.71
1691.907	276.55
1693.443	287.99
1694.979	292.14
1696.514	305.66
1698.049	305.66
1699.584	309.82
1701.119	324.37
1702.653	326.45
1704.187	335.81
1705.721	344.13
1707.255	360.76
1708.788	363.88
1710.321	371.16
