898.735	8890.14
900.365	9068.96
901.994	9246.74
903.623	9385.02
905.253	9555.52
906.882	9687.56
908.511	9833.11
910.14	9952.67
911.768	10095.1
913.397	10250.01
915.026	10421.56
916.654	10643
918.282	10969.46
919.911	11327.1
921.539	11775.19
923.167	12221.21
924.795	12684.9
926.422	13100.76
928.05	13457.37
929.678	13772.38
931.305	13986.55
932.932	14141.46
934.56	14246.47
936.187	14351.47
937.814	14429.45
939.44	14533.41
941.067	14658.17
942.694	14793.33
944.32	14944.08
945.947	15087.55
947.573	15219.59
949.199	15275.73
950.825	15263.26
952.451	15139.54
954.077	14917.05
955.703	14634.26
957.328	14335.88
958.954	14002.15
960.579	13757.83
962.204	13521.82
963.829	13363.8
965.454	13223.44
967.079	13129.87
968.704	13053.98
970.329	13038.38
971.953	13092.44
973.578	13317.01
975.202	13702.73
976.826	14313.01
978.45	15035.57
980.074	15644.81
981.698	16064.83
983.321	16238.46
984.945	16195.83
986.568	15935.92
988.191	15390.09
989.815	14712.24
991.438	14085.32
993.061	13622.67
994.683	13184.97
996.306	12812.78
997.929	12501.92
999.551	12300.22
1001.173	12297.1
1002.795	12514.39
1004.417	13016.55
1006.039	13949.13
1007.661	15314.2
1009.283	16987.01
1010.904	18754.44
1012.526	20170.45
1014.147	20927.33
1015.768	20940.84
1017.389	20230.75
1019.01	18879.2
1020.63	17121.13
1022.251	15313.16
1023.871	13803.57
1025.492	12709.85
1027.112	12046.55
1028.732	11576.62
1030.352	11227.29
1031.972	10950.74
1033.591	10774
1035.211	10580.62
1036.83	10316.55
1038.45	9931.88
1040.069	9428.68
1041.688	8815.28
1043.307	8111.43
1044.925	7337.92
1046.544	6572.73
1048.162	5894.88
1049.781	5374.01
1051.399	4966.46
1053.017	4640
1054.635	4357.22
1056.253	4112.9
1057.87	3883.13
1059.488	3655.45
1061.105	3439.2
1062.722	3246.86
1064.339	3078.43
1065.956	2916.25
1067.573	2781.09
1069.19	2648.02
1070.806	2546.13
1072.423	2455.68
1074.039	2373.54
1075.655	2300.77
1077.271	2232.15
1078.887	2161.45
1080.502	2099.07
1082.118	2040.85
1083.733	1982.63
1085.348	1914.01
1086.963	1865.15
1088.578	1807.97
1090.193	1755.99
1091.808	1706.08
1093.422	1652.02
1095.037	1612.51
1096.651	1559.49
1098.265	1508.55
1099.879	1456.56
1101.493	1403.54
1103.106	1360.92
1104.72	1303.73
1106.333	1273.58
1107.946	1223.68
1109.559	1188.33
1111.172	1157.14
1112.785	1116.6
1114.398	1090.6
1116.01	1047.98
1117.622	1008.47
1119.234	986.64
1120.846	953.37
1122.458	918.02
1124.07	887.87
1125.681	854.6
1127.293	826.53
1128.904	803.66
1130.515	778.71
1132.126	747.52
1133.737	729.84
1135.347	694.49
1136.958	675.78
1138.568	654.99
1140.178	633.15
1141.788	624.84
1143.398	596.77
1145.008	586.37
1146.617	567.65
1148.227	552.06
1149.836	535.43
1151.445	521.91
1153.054	501.12
1154.663	485.52
1156.271	468.89
1157.88	454.33
1159.488	435.62
1161.096	424.18
1162.704	407.55
1164.312	400.27
1165.92	384.67
1167.527	377.4
1169.134	368.04
1170.741	354.52
1172.348	343.09
1173.955	331.65
1175.562	320.22
1177.168	304.62
1178.775	308.78
1180.381	299.42
1181.987	286.95
1183.593	284.87
1185.199	281.75
1186.804	272.39
1188.409	263.03
1190.015	256.8
1191.62	248.48
1193.225	241.2
1194.829	239.12
1196.434	228.73
1198.038	223.53
1199.642	215.21
1201.246	211.05
1202.85	202.73
1204.454	197.54
1206.057	200.65
1207.661	195.46
1209.264	191.3
1210.867	189.22
1212.47	186.1
1214.073	178.82
1215.675	171.54
1217.277	169.46
1218.88	165.31
1220.482	163.23
1222.083	163.23
1223.685	165.31
1225.287	152.83
1226.888	160.11
1228.489	146.59
1230.09	144.51
1231.691	139.31
1233.292	141.39
1234.892	140.35
1236.492	134.12
1238.092	132.04
1239.692	131
1241.292	129.96
1242.892	123.72
1244.491	125.8
1246.09	121.64
1247.689	119.56
1249.288	119.56
1250.887	113.32
1252.485	112.28
1254.084	113.32
1255.682	112.28
1257.28	100.85
1258.878	113.32
1260.475	100.85
1262.073	98.77
1263.67	100.85
1265.267	95.65
1266.864	98.77
1268.461	93.57
1270.057	94.61
1271.654	90.45
1273.25	91.49
1274.846	98.77
1276.442	83.17
1278.037	88.37
1279.633	80.05
1281.228	84.21
1282.823	88.37
1284.418	70.7
1286.013	73.82
1287.608	79.01
1289.202	74.86
1290.796	77.97
1292.39	73.82
1293.984	68.62
1295.577	69.66
1297.171	73.82
1298.764	67.58
1300.357	69.66
1301.95	63.42
1303.543	62.38
1305.135	61.34
1306.728	68.62
1308.32	67.58
1309.912	67.58
1311.503	63.42
1313.095	56.14
1314.686	66.54
1316.277	66.54
1317.868	55.1
1319.459	65.5
1321.05	61.34
1322.64	59.26
1324.23	57.18
1325.82	50.94
1327.41	55.1
1329	54.06
1330.589	54.06
1332.179	54.06
1333.768	54.06
1335.357	49.9
1336.945	53.02
1338.534	66.54
1340.122	51.98
1341.71	49.9
1343.298	49.9
1344.886	51.98
1346.473	51.98
1348.06	47.82
1349.648	46.78
1351.234	46.78
1352.821	46.78
1354.408	44.71
1355.994	47.82
1357.58	45.75
1359.166	44.71
1360.752	47.82
1362.337	47.82
1363.923	47.82
1365.508	38.47
1367.093	50.94
1368.677	50.94
1370.262	48.86
1371.846	42.63
1373.43	51.98
1375.014	42.63
1376.598	47.82
1378.181	42.63
1379.765	53.02
1381.348	56.14
1382.931	48.86
1384.513	53.02
1386.096	54.06
1387.678	53.02
1389.26	50.94
1390.842	49.9
1392.424	57.18
1394.005	57.18
1395.586	55.1
1397.168	48.86
1398.748	50.94
1400.329	50.94
1401.909	57.18
1403.49	61.34
1405.07	61.34
1406.649	65.5
1408.229	59.26
1409.808	61.34
1411.388	64.46
1412.967	60.3
1414.545	65.5
1416.124	67.58
1417.702	67.58
1419.28	76.93
1420.858	82.13
1422.436	79.01
1424.013	80.05
1425.591	83.17
1427.168	88.37
1428.745	86.29
1430.321	93.57
1431.898	98.77
1433.474	110.2
1435.05	118.52
1436.626	125.8
1438.201	134.12
1439.777	152.83
1441.352	159.07
1442.927	175.7
1444.501	204.81
1446.076	221.45
1447.65	253.68
1449.224	279.67
1450.798	312.94
1452.372	354.52
1453.945	388.83
1455.518	437.7
1457.091	498
1458.664	569.73
1460.236	644.59
1461.809	721.52
1463.381	836.93
1464.953	997.03
1466.524	1233.04
1468.096	1570.93
1469.667	2036.69
1471.238	2598.11
1472.809	3208.39
1474.379	3785.4
1475.949	4286.52
1477.519	4640
1479.089	4864.57
1480.659	4953.98
1482.228	4971.66
1483.798	4933.19
1485.366	4942.55
1486.935	4964.38
1488.504	5039.23
1490.072	5086.02
1491.64	5103.69
1493.208	5079.78
1494.776	5005.97
1496.343	4912.4
1497.91	4787.64
1499.477	4669.12
1501.044	4544.36
1502.61	4419.6
1504.176	4323.95
1505.742	4192.95
1507.308	4031.8
1508.874	3875.85
1510.439	3784.36
1512.004	3835.31
1513.569	4157.6
1515.134	4800.11
1516.698	5794.03
1518.262	6983.4
1519.826	8268.42
1521.39	9338.23
1522.953	10125.25
1524.517	10634.69
1526.08	11047.43
1527.642	11416.51
1529.205	11851.09
1530.767	12387.55
1532.329	13059.18
1533.891	13693.37
1535.453	14007.35
1537.014	13974.08
1538.575	13630.99
1540.136	13000.95
1541.697	12218.09
1543.257	11458.1
1544.817	10788.56
1546.377	10196.99
1547.937	9451.55
1549.497	8557.45
1551.056	7591.6
1552.615	6596.65
1554.174	5650.55
1555.732	4862.49
1557.29	4359.3
1558.848	4195.03
1560.406	4328.11
1561.964	4675.35
1563.521	5153.6
1565.078	5689.02
1566.635	6202.61
1568.192	6648.63
1569.748	6977.16
1571.304	7163.26
1572.86	7196.53
1574.416	7083.21
1575.971	6833.69
1577.526	6492.68
1579.081	6085.13
1580.636	5634.96
1582.19	5148.4
1583.744	4648.32
1585.298	4129.53
1586.852	3656.49
1588.405	3254.14
1589.958	2923.53
1591.511	2669.85
1593.064	2479.59
1594.616	2317.4
1596.169	2176.01
1597.721	2076.2
1599.272	2004.47
1600.824	1988.87
1602.375	2022.14
1603.926	2112.59
1605.477	2253.98
1607.027	2431.77
1608.577	2641.78
1610.127	2862.19
1611.677	3083.63
1613.226	3323.79
1614.775	3541.08
1616.324	3731.34
1617.873	3868.58
1619.422	3924.72
1620.97	3933.04
1622.518	3880.01
1624.065	3799.96
1625.613	3708.47
1627.16	3615.94
1628.707	3533.81
1630.253	3454.79
1631.8	3357.06
1633.346	3239.58
1634.892	3060.76
1636.438	2833.07
1637.983	2574.2
1639.528	2298.69
1641.073	2021.1
1642.618	1771.58
1644.162	1556.37
1645.706	1391.07
1647.25	1243.43
1648.793	1092.68
1650.337	974.16
1651.88	871.24
1653.423	774.55
1654.965	696.57
1656.507	633.15
1658.049	577.01
1659.591	538.54
1661.133	507.35
1662.674	479.28
1664.215	463.69
1665.756	456.41
1667.296	454.33
1668.836	440.82
1670.376	444.97
1671.916	437.7
1673.455	441.86
1674.994	449.13
1676.533	460.57
1678.072	462.65
1679.61	458.49
1681.148	468.89
1682.686	487.6
1684.224	490.72
1685.761	508.39
1687.298	518.79
1688.835	535.43
1690.371	548.94
1691.907	558.3
1693.443	572.85
1694.979	587.41
1696.514	604.04
1698.049	613.4
1699.584	628.99
1701.119	643.55
1702.653	660.18
1704.187	677.86
1705.721	699.69
1707.255	714.25
1708.788	728.8
1710.321	745.44
