898.735	3281.17
900.365	3346.67
901.994	3416.32
903.623	3463.11
905.253	3525.49
906.882	3573.31
908.511	3627.38
910.14	3664.8
911.768	3720.94
913.397	3780.21
915.026	3844.66
916.654	3910.16
918.282	4033.88
919.911	4151.36
921.539	4315.63
923.167	4483.02
924.795	4648.32
926.422	4806.35
928.05	4947.74
929.678	5065.23
931.305	5150.48
932.932	5201.42
934.56	5243.01
936.187	5279.4
937.814	5308.51
939.44	5332.42
941.067	5381.28
942.694	5411.43
944.32	5459.26
945.947	5493.57
947.573	5534.11
949.199	5544.51
950.825	5542.43
952.451	5501.88
954.077	5418.71
955.703	5313.7
957.328	5206.62
958.954	5089.14
960.579	4998.69
962.204	4913.44
963.829	4853.14
965.454	4799.07
967.079	4763.72
968.704	4734.61
970.329	4725.26
971.953	4728.38
973.578	4798.03
975.202	4909.28
976.826	5112.01
978.45	5352.17
980.074	5562.18
981.698	5710.86
983.321	5777.39
984.945	5764.92
986.568	5677.59
988.191	5490.45
989.815	5254.44
991.438	5021.56
993.061	4862.49
994.683	4699.27
996.306	4568.27
997.929	4458.06
999.551	4375.93
1001.173	4361.38
1002.795	4432.07
1004.417	4591.14
1006.039	4902
1007.661	5354.25
1009.283	5923.99
1010.904	6531.15
1012.526	7024.99
1014.147	7299.46
1015.768	7324.41
1017.389	7090.48
1019.01	6640.31
1020.63	6037.31
1022.251	5409.35
1023.871	4866.65
1025.492	4472.62
1027.112	4230.38
1028.732	4062.99
1030.352	3937.19
1031.972	3828.03
1033.591	3758.37
1035.211	3688.72
1036.83	3588.91
1038.45	3455.83
1040.069	3282.21
1041.688	3080.51
1043.307	2836.19
1044.925	2570.04
1046.544	2314.28
1048.162	2075.16
1049.781	1889.06
1051.399	1749.75
1053.017	1637.47
1054.635	1539.74
1056.253	1455.52
1057.87	1377.55
1059.488	1295.42
1061.105	1223.68
1062.722	1155.06
1064.339	1089.56
1065.956	1036.54
1067.573	986.64
1069.19	945.05
1070.806	906.58
1072.423	877.47
1074.039	845.24
1075.655	816.13
1077.271	795.34
1078.887	764.15
1080.502	748.56
1082.118	726.72
1083.733	705.93
1085.348	674.74
1086.963	666.42
1088.578	645.63
1090.193	622.76
1091.808	610.28
1093.422	585.33
1095.037	578.05
1096.651	554.14
1098.265	534.39
1099.879	516.71
1101.493	500.08
1103.106	487.6
1104.72	458.49
1106.333	452.25
1107.946	437.7
1109.559	425.22
1111.172	410.67
1112.785	395.07
1114.398	391.95
1116.01	372.2
1117.622	363.88
1119.234	352.44
1120.846	343.09
1122.458	327.49
1124.07	318.14
1125.681	305.66
1127.293	294.22
1128.904	286.95
1130.515	283.83
1132.126	270.31
1133.737	266.15
1135.347	251.6
1136.958	242.24
1138.568	234.96
1140.178	223.53
1141.788	224.57
1143.398	218.33
1145.008	204.81
1146.617	210.01
1148.227	200.65
1149.836	190.26
1151.445	188.18
1153.054	181.94
1154.663	177.78
1156.271	169.46
1157.88	164.27
1159.488	163.23
1161.096	148.67
1162.704	150.75
1164.312	148.67
1165.92	141.39
1167.527	136.2
1169.134	131
1170.741	134.12
1172.348	131
1173.955	128.92
1175.562	116.44
1177.168	113.32
1178.775	120.6
1180.381	111.24
1181.987	102.93
1183.593	109.16
1185.199	109.16
1186.804	103.97
1188.409	100.85
1190.015	100.85
1191.62	98.77
1193.225	92.53
1194.829	89.41
1196.434	88.37
1198.038	88.37
1199.642	86.29
1201.246	86.29
1202.85	81.09
1204.454	73.82
1206.057	81.09
1207.661	72.78
1209.264	76.93
1210.867	71.74
1212.47	69.66
1214.073	71.74
1215.675	67.58
1217.277	67.58
1218.88	64.46
1220.482	63.42
1222.083	67.58
1223.685	65.5
1225.287	60.3
1226.888	62.38
1228.489	57.18
1230.09	63.42
1231.691	57.18
1233.292	53.02
1234.892	53.02
1236.492	54.06
1238.092	53.02
1239.692	51.98
1241.292	50.94
1242.892	51.98
1244.491	48.86
1246.09	46.78
1247.689	41.59
1249.288	47.82
1250.887	40.55
1252.485	48.86
1254.084	43.67
1255.682	48.86
1257.28	36.39
1258.878	43.67
1260.475	41.59
1262.073	40.55
1263.67	39.51
1265.267	42.63
1266.864	40.55
1268.461	42.63
1270.057	41.59
1271.654	36.39
1273.25	40.55
1274.846	38.47
1276.442	36.39
1278.037	40.55
1279.633	37.43
1281.228	33.27
1282.823	40.55
1284.418	27.03
1286.013	32.23
1287.608	30.15
1289.202	31.19
1290.796	31.19
1292.39	29.11
1293.984	30.15
1295.577	22.87
1297.171	34.31
1298.764	27.03
1300.357	28.07
1301.95	28.07
1303.543	30.15
1305.135	24.95
1306.728	37.43
1308.32	32.23
1309.912	30.15
1311.503	24.95
1313.095	30.15
1314.686	24.95
1316.277	29.11
1317.868	22.87
1319.459	30.15
1321.05	30.15
1322.64	31.19
1324.23	28.07
1325.82	22.87
1327.41	24.95
1329	22.87
1330.589	20.79
1332.179	24.95
1333.768	27.03
1335.357	25.99
1336.945	20.79
1338.534	29.11
1340.122	21.83
1341.71	29.11
1343.298	23.91
1344.886	22.87
1346.473	25.99
1348.06	15.59
1349.648	24.95
1351.234	20.79
1352.821	20.79
1354.408	14.56
1355.994	16.63
1357.58	23.91
1359.166	22.87
1360.752	25.99
1362.337	25.99
1363.923	19.75
1365.508	19.75
1367.093	23.91
1368.677	25.99
1370.262	28.07
1371.846	18.71
1373.43	22.87
1375.014	12.48
1376.598	27.03
1378.181	20.79
1379.765	25.99
1381.348	27.03
1382.931	17.67
1384.513	23.91
1386.096	24.95
1387.678	25.99
1389.26	20.79
1390.842	21.83
1392.424	29.11
1394.005	25.99
1395.586	19.75
1397.168	15.59
1398.748	21.83
1400.329	13.52
1401.909	21.83
1403.49	27.03
1405.07	30.15
1406.649	28.07
1408.229	22.87
1409.808	27.03
1411.388	27.03
1412.967	15.59
1414.545	27.03
1416.124	31.19
1417.702	28.07
1419.28	24.95
1420.858	32.23
1422.436	23.91
1424.013	30.15
1425.591	29.11
1427.168	30.15
1428.745	31.19
1430.321	28.07
1431.898	23.91
1433.474	38.47
1435.05	41.59
1436.626	40.55
1438.201	34.31
1439.777	44.71
1441.352	47.82
1442.927	42.63
1444.501	53.02
1446.076	55.1
1447.65	61.34
1449.224	70.7
1450.798	70.7
1452.372	82.13
1453.945	87.33
1455.518	90.45
1457.091	109.16
1458.664	127.88
1460.236	128.92
1461.809	145.55
1463.381	173.62
1464.953	204.81
1466.524	256.8
1468.096	308.78
1469.667	398.19
1471.238	504.24
1472.809	624.84
1474.379	726.72
1475.949	821.33
1477.519	895.15
1479.089	938.81
1480.659	963.77
1482.228	968.96
1483.798	961.69
1485.366	967.92
1486.935	974.16
1488.504	980.4
1490.072	1000.15
1491.64	1005.35
1493.208	1003.27
1494.776	990.8
1496.343	967.92
1497.91	940.89
1499.477	928.42
1501.044	924.26
1502.61	921.14
1504.176	924.26
1505.742	918.02
1507.308	904.5
1508.874	894.11
1510.439	866.04
1512.004	862.92
1513.569	893.07
1515.134	986.64
1516.698	1158.18
1518.262	1356.76
1519.826	1587.56
1521.39	1802.77
1522.953	1948.32
1524.517	2051.25
1526.08	2130.26
1527.642	2208.24
1529.205	2293.49
1530.767	2392.26
1532.329	2507.66
1533.891	2629.3
1535.453	2695.84
1537.014	2695.84
1538.575	2637.62
1540.136	2526.38
1541.697	2371.47
1543.257	2221.75
1544.817	2087.64
1546.377	1972.24
1547.937	1826.68
1549.497	1655.14
1551.056	1476.32
1552.615	1283.98
1554.174	1095.8
1555.732	957.53
1557.29	855.64
1558.848	815.09
1560.406	827.57
1561.964	893.07
1563.521	978.32
1565.078	1071.89
1566.635	1167.54
1568.192	1242.39
1569.748	1295.42
1571.304	1340.12
1572.86	1343.24
1574.416	1326.61
1575.971	1271.5
1577.526	1213.28
1579.081	1133.23
1580.636	1055.26
1582.19	962.73
1583.744	881.63
1585.298	773.51
1586.852	693.45
1588.405	620.68
1589.958	564.54
1591.511	519.83
1593.064	487.6
1594.616	457.45
1596.169	425.22
1597.721	412.75
1599.272	399.23
1600.824	402.35
1602.375	410.67
1603.926	422.1
1605.477	447.05
1607.027	479.28
1608.577	516.71
1610.127	559.34
1611.677	593.65
1613.226	634.19
1614.775	675.78
1616.324	712.17
1617.873	735.04
1619.422	744.4
1620.97	757.91
1622.518	744.4
1624.065	728.8
1625.613	714.25
1627.16	696.57
1628.707	678.9
1630.253	671.62
1631.8	649.79
1633.346	636.27
1634.892	604.04
1636.438	561.42
1637.983	517.75
1639.528	472.01
1641.073	427.3
1642.618	380.52
1644.162	335.81
1645.706	311.9
1647.25	290.07
1648.793	254.72
1650.337	238.08
1651.88	228.73
1653.423	206.89
1654.965	187.14
1656.507	184.02
1658.049	170.5
1659.591	166.35
1661.133	160.11
1662.674	156.99
1664.215	153.87
1665.756	159.07
1667.296	165.31
1668.836	152.83
1670.376	163.23
1671.916	163.23
1673.455	163.23
1674.994	167.39
1676.533	170.5
1678.072	172.58
1679.61	173.62
1681.148	173.62
1682.686	184.02
1684.224	185.06
1685.761	192.34
1687.298	194.42
1688.835	200.65
1690.371	211.05
1691.907	213.13
1693.443	218.33
1694.979	220.41
1696.514	232.88
1698.049	232.88
1699.584	236
1701.119	242.24
1702.653	245.36
1704.187	253.68
1705.721	265.11
1707.255	271.35
1708.788	276.55
1710.321	282.79
