898.735	3731.34
900.365	3813.47
901.994	3849.86
903.623	3934.08
905.253	4027.64
906.882	4076.51
908.511	4137.85
910.14	4172.16
911.768	4244.93
913.397	4337.46
915.026	4431.03
916.654	4551.63
918.282	4715.9
919.911	4867.69
921.539	5128.65
923.167	5267.96
924.795	5470.69
926.422	5623.52
928.05	5719.17
929.678	5785.71
931.305	5837.69
932.932	5849.13
934.56	5888.64
936.187	5833.54
937.814	5857.45
939.44	5846.01
941.067	5827.3
942.694	5808.58
944.32	5797.15
945.947	5770.12
947.573	5744.12
949.199	5624.56
950.825	5572.58
952.451	5402.08
954.077	5287.71
955.703	5060.03
957.328	4935.27
958.954	4752.29
960.579	4618.17
962.204	4454.95
963.829	4362.42
965.454	4212.7
967.079	4153.44
968.704	4052.6
970.329	4018.29
971.953	4008.93
973.578	3999.57
975.202	4071.31
976.826	4179.44
978.45	4261.57
980.074	4313.55
981.698	4359.3
983.321	4370.73
984.945	4329.15
986.568	4267.81
988.191	4144.09
989.815	4026.61
991.438	3909.12
993.061	3805.16
994.683	3715.75
996.306	3603.46
997.929	3544.2
999.551	3515.09
1001.173	3520.29
1002.795	3587.87
1004.417	3694.95
1006.039	3918.48
1007.661	4171.12
1009.283	4523.56
1010.904	4809.47
1012.526	5016.36
1014.147	5065.23
1015.768	5013.24
1017.389	4813.63
1019.01	4555.79
1020.63	4227.26
1022.251	3946.55
1023.871	3742.78
1025.492	3635.69
1027.112	3511.97
1028.732	3434
1030.352	3341.47
1031.972	3301.96
1033.591	3252.06
1035.211	3205.27
1036.83	3082.59
1038.45	2989.02
1040.069	2832.04
1041.688	2669.85
1043.307	2460.88
1044.925	2292.45
1046.544	2100.11
1048.162	1943.13
1049.781	1843.32
1051.399	1732.07
1053.017	1619.79
1054.635	1555.33
1056.253	1500.23
1057.87	1422.26
1059.488	1350.52
1061.105	1316.21
1062.722	1233.04
1064.339	1210.16
1065.956	1148.82
1067.573	1096.84
1069.19	1064.61
1070.806	1030.3
1072.423	1000.15
1074.039	953.37
1075.655	922.18
1077.271	898.27
1078.887	877.47
1080.502	849.4
1082.118	816.13
1083.733	801.58
1085.348	778.71
1086.963	757.91
1088.578	719.45
1090.193	710.09
1091.808	675.78
1093.422	677.86
1095.037	631.07
1096.651	622.76
1098.265	590.53
1099.879	566.61
1101.493	549.98
1103.106	532.31
1104.72	522.95
1106.333	482.4
1107.946	458.49
1109.559	475.12
1111.172	435.62
1112.785	411.71
1114.398	401.31
1116.01	398.19
1117.622	368.04
1119.234	351.41
1120.846	361.8
1122.458	339.97
1124.07	301.5
1125.681	305.66
1127.293	280.71
1128.904	278.63
1130.515	255.76
1132.126	241.2
1133.737	245.36
1135.347	203.77
1136.958	222.49
1138.568	184.02
1140.178	182.98
1141.788	162.19
1143.398	164.27
1145.008	121.64
1146.617	142.43
1148.227	138.27
1149.836	81.09
1151.445	101.89
1153.054	95.65
1154.663	75.9
1156.271	85.25
1157.88	70.7
1159.488	48.86
1161.096	59.26
1162.704	42.63
1164.312	59.26
1165.92	42.63
1167.527	50.94
1169.134	51.98
1170.741	55.1
1172.348	9.36
1173.955	57.18
1175.562	13.52
1177.168	47.82
1178.775	21.83
1180.381	34.31
1181.987	42.63
1183.593	11.44
1185.199	17.67
1186.804	21.83
1188.409	31.19
1190.015	12.48
1191.62	29.11
1193.225	11.44
1194.829	28.07
1196.434	20.79
1198.038	-15.59
1199.642	23.91
1201.246	11.44
1202.85	34.31
1204.454	-4.16
1206.057	6.24
1207.661	28.07
1209.264	6.24
1210.867	-6.24
1212.47	14.56
1214.073	-9.36
1215.675	6.24
1217.277	-28.07
1218.88	4.16
1220.482	-3.12
1222.083	-10.4
1223.685	-22.87
1225.287	2.08
1226.888	-2.08
1228.489	1.04
1230.09	-16.63
1231.691	16.63
1233.292	-18.71
1234.892	-17.67
1236.492	3.12
1238.092	-27.03
1239.692	4.16
1241.292	-18.71
1242.892	-23.91
1244.491	1.04
1246.09	-17.67
1247.689	-8.32
1249.288	-31.19
1250.887	1.04
1252.485	-1.04
1254.084	-14.56
1255.682	-25.99
1257.28	-1.04
1258.878	-19.75
1260.475	-13.52
1262.073	-23.91
1263.67	-14.56
1265.267	-20.79
1266.864	-15.59
1268.461	-22.87
1270.057	-2.08
1271.654	-45.75
1273.25	-13.52
1274.846	-38.47
1276.442	-20.79
1278.037	-30.15
1279.633	-10.4
1281.228	-17.67
1282.823	-37.43
1284.418	2.08
1286.013	-37.43
1287.608	-32.23
1289.202	-37.43
1290.796	-33.27
1292.39	-9.36
1293.984	-29.11
1295.577	-16.63
1297.171	-32.23
1298.764	-17.67
1300.357	-29.11
1301.95	-31.19
1303.543	-40.55
1305.135	-4.16
1306.728	-53.02
1308.32	-37.43
1309.912	-29.11
1311.503	-37.43
1313.095	-34.31
1314.686	-32.23
1316.277	-36.39
1317.868	-6.24
1319.459	-62.38
1321.05	-3.12
1322.64	-62.38
1324.23	-19.75
1325.82	-38.47
1327.41	-17.67
1329	-53.02
1330.589	-32.23
1332.179	-38.47
1333.768	-38.47
1335.357	-22.87
1336.945	-38.47
1338.534	-46.78
1340.122	-19.75
1341.71	-58.22
1343.298	-37.43
1344.886	-43.67
1346.473	-50.94
1348.06	-27.03
1349.648	-34.31
1351.234	-51.98
1352.821	-44.71
1354.408	-30.15
1355.994	-21.83
1357.58	-46.78
1359.166	-30.15
1360.752	-62.38
1362.337	-29.11
1363.923	-38.47
1365.508	-28.07
1367.093	-53.02
1368.677	-7.28
1370.262	-54.06
1371.846	-37.43
1373.43	-44.71
1375.014	-29.11
1376.598	-29.11
1378.181	-53.02
1379.765	-57.18
1381.348	-31.19
1382.931	-56.14
1384.513	-28.07
1386.096	-64.46
1387.678	-34.31
1389.26	-34.31
1390.842	-33.27
1392.424	-27.03
1394.005	-51.98
1395.586	-50.94
1397.168	-32.23
1398.748	-39.51
1400.329	-44.71
1401.909	-16.63
1403.49	-43.67
1405.07	-36.39
1406.649	-50.94
1408.229	-41.59
1409.808	-25.99
1411.388	-58.22
1412.967	-23.91
1414.545	-28.07
1416.124	-30.15
1417.702	-25.99
1419.28	-51.98
1420.858	-41.59
1422.436	-24.95
1424.013	-59.26
1425.591	-10.4
1427.168	-47.82
1428.745	-31.19
1430.321	-40.55
1431.898	-21.83
1433.474	-47.82
1435.05	-43.67
1436.626	-37.43
1438.201	-27.03
1439.777	-42.63
1441.352	-48.86
1442.927	-37.43
1444.501	-54.06
1446.076	-35.35
1447.65	-40.55
1449.224	-35.35
1450.798	-34.31
1452.372	-33.27
1453.945	-49.9
1455.518	-37.43
1457.091	-20.79
1458.664	-49.9
1460.236	-27.03
1461.809	-55.1
1463.381	-36.39
1464.953	-47.82
1466.524	-38.47
1468.096	-24.95
1469.667	-33.27
1471.238	-36.39
1472.809	-34.31
1474.379	-39.51
1475.949	-17.67
1477.519	-56.14
1479.089	-18.71
1480.659	-34.31
1482.228	-44.71
1483.798	-51.98
1485.366	-33.27
1486.935	-33.27
1488.504	-55.1
1490.072	-47.82
1491.64	-29.11
1493.208	-53.02
1494.776	-18.71
1496.343	-20.79
1497.91	15.59
1499.477	34.31
1501.044	12.48
1502.61	23.91
1504.176	55.1
1505.742	8.32
1507.308	12.48
1508.874	35.35
1510.439	-5.2
1512.004	-38.47
1513.569	-35.35
1515.134	-28.07
1516.698	-48.86
1518.262	-41.59
1519.826	-39.51
1521.39	-40.55
1522.953	-33.27
1524.517	-54.06
1526.08	-23.91
1527.642	-27.03
1529.205	-33.27
1530.767	-61.34
1532.329	-22.87
1533.891	-58.22
1535.453	-47.82
1537.014	-60.3
1538.575	-31.19
1540.136	-39.51
1541.697	-31.19
1543.257	-72.78
1544.817	-6.24
1546.377	-60.3
1547.937	-29.11
1549.497	-68.62
1551.056	-43.67
1552.615	-33.27
1554.174	-39.51
1555.732	-40.55
1557.29	-36.39
1558.848	-51.98
1560.406	-25.99
1561.964	-54.06
1563.521	-49.9
1565.078	-41.59
1566.635	-57.18
1568.192	-55.1
1569.748	-6.24
1571.304	-48.86
1572.86	-43.67
1574.416	-31.19
1575.971	-35.35
1577.526	-53.02
1579.081	-19.75
1580.636	-37.43
1582.19	-40.55
1583.744	-45.75
1585.298	-22.87
1586.852	-35.35
1588.405	-53.02
1589.958	-46.78
1591.511	-19.75
1593.064	-48.86
1594.616	-43.67
1596.169	-48.86
1597.721	-34.31
1599.272	-24.95
1600.824	-12.48
1602.375	-24.95
1603.926	-19.75
1605.477	-18.71
1607.027	-1.04
1608.577	4.16
1610.127	12.48
1611.677	-17.67
1613.226	18.71
1614.775	15.59
1616.324	-1.04
1617.873	6.24
1619.422	23.91
1620.97	15.59
1622.518	17.67
1624.065	-10.4
1625.613	35.35
1627.16	18.71
1628.707	37.43
1630.253	35.35
1631.8	27.03
1633.346	38.47
1634.892	35.35
1636.438	37.43
1637.983	36.39
1639.528	35.35
1641.073	70.7
1642.618	55.1
1644.162	60.3
1645.706	55.1
1647.25	53.02
1648.793	66.54
1650.337	84.21
1651.88	53.02
1653.423	85.25
1654.965	54.06
1656.507	95.65
1658.049	61.34
1659.591	81.09
1661.133	90.45
1662.674	83.17
1664.215	106.05
1665.756	118.52
1667.296	91.49
1668.836	107.09
1670.376	101.89
1671.916	132.04
1673.455	117.48
1674.994	129.96
1676.533	134.12
1678.072	156.99
1679.61	145.55
1681.148	151.79
1682.686	143.47
1684.224	164.27
1685.761	162.19
1687.298	176.74
1688.835	174.66
1690.371	193.38
1691.907	187.14
1693.443	203.77
1694.979	178.82
1696.514	212.09
1698.049	225.61
1699.584	221.45
1701.119	231.84
1702.653	225.61
1704.187	248.48
1705.721	258.88
1707.255	236
1708.788	271.35
1710.321	255.76
