898.735	17605.61
900.365	17967.41
901.994	18324.02
903.623	18595.37
905.253	18925.98
906.882	19194.21
908.511	19495.71
910.14	19738.99
911.768	20019.7
913.397	20333.68
915.026	20728.75
916.654	21185.16
918.282	21868.22
919.911	22630.29
921.539	23516.08
923.167	24375.88
924.795	25241.92
926.422	25944.73
928.05	26527.98
929.678	26933.45
931.305	27203.76
932.932	27317.08
934.56	27301.48
936.187	27266.14
937.814	27178.8
939.44	27094.59
941.067	26993.75
942.694	26903.29
944.32	26798.29
945.947	26663.13
947.573	26450
949.199	26136.03
950.825	25702.49
952.451	25109.88
954.077	24386.28
955.703	23555.59
957.328	22714.5
958.954	21828.71
960.579	21085.35
962.204	20333.68
963.829	19699.49
965.454	19102.72
967.079	18641.11
968.704	18245
970.329	17984.05
971.953	17831.22
973.578	17873.84
975.202	18107.77
976.826	18567.3
978.45	19081.93
980.074	19512.35
981.698	19788.9
983.321	19869.99
984.945	19803.45
986.568	19603.84
988.191	19110
989.815	18524.67
991.438	17924.79
993.061	17462.14
994.683	16952.7
996.306	16491.09
997.929	16113.7
999.551	15887.05
1001.173	15905.77
1002.795	16137.61
1004.417	16678.23
1006.039	17611.85
1007.661	18971.72
1009.283	20589.44
1010.904	22247.7
1012.526	23527.52
1014.147	24175.23
1015.768	24134.68
1017.389	23482.81
1019.01	22304.88
1020.63	20830.64
1022.251	19388.63
1023.871	18214.85
1025.492	17378.97
1027.112	16906.96
1028.732	16522.28
1030.352	16213.51
1031.972	15917.2
1033.591	15714.47
1035.211	15464.95
1036.83	15087.55
1038.45	14569.8
1040.069	13898.18
1041.688	13108.04
1043.307	12199.38
1044.925	11235.61
1046.544	10293.68
1048.162	9448.43
1049.781	8762.26
1051.399	8210.2
1053.017	7744.43
1054.635	7340
1056.253	6990.68
1057.87	6657.99
1059.488	6321.14
1061.105	6019.63
1062.722	5738.93
1064.339	5498.76
1065.956	5241.97
1067.573	5042.35
1069.19	4844.82
1070.806	4680.55
1072.423	4514.21
1074.039	4388.41
1075.655	4250.13
1077.271	4112.9
1078.887	3992.3
1080.502	3882.09
1082.118	3771.89
1083.733	3665.84
1085.348	3548.36
1086.963	3449.59
1088.578	3340.43
1090.193	3247.9
1091.808	3150.17
1093.422	3052.44
1095.037	2954.72
1096.651	2851.79
1098.265	2745.74
1099.879	2652.17
1101.493	2550.29
1103.106	2467.11
1104.72	2368.35
1106.333	2278.94
1107.946	2189.53
1109.559	2127.15
1111.172	2048.13
1112.785	1970.16
1114.398	1905.7
1116.01	1830.84
1117.622	1762.22
1119.234	1692.57
1120.846	1627.07
1122.458	1567.81
1124.07	1503.35
1125.681	1445.13
1127.293	1376.51
1128.904	1324.53
1130.515	1262.15
1132.126	1203.93
1133.737	1154.02
1135.347	1096.84
1136.958	1044.86
1138.568	988.72
1140.178	928.42
1141.788	876.43
1143.398	823.41
1145.008	780.79
1146.617	718.41
1148.227	665.38
1149.836	617.56
1151.445	582.21
1153.054	539.58
1154.663	505.28
1156.271	469.93
1157.88	443.94
1159.488	415.86
1161.096	389.87
1162.704	380.52
1164.312	364.92
1165.92	351.41
1167.527	333.73
1169.134	321.26
1170.741	305.66
1172.348	303.58
1173.955	295.26
1175.562	279.67
1177.168	270.31
1178.775	270.31
1180.381	255.76
1181.987	251.6
1183.593	247.44
1185.199	234.96
1186.804	230.8
1188.409	227.69
1190.015	216.25
1191.62	212.09
1193.225	212.09
1194.829	204.81
1196.434	203.77
1198.038	200.65
1199.642	195.46
1201.246	191.3
1202.85	188.18
1204.454	181.94
1206.057	178.82
1207.661	172.58
1209.264	166.35
1210.867	164.27
1212.47	155.95
1214.073	159.07
1215.675	149.71
1217.277	148.67
1218.88	145.55
1220.482	147.63
1222.083	129.96
1223.685	143.47
1225.287	137.24
1226.888	135.16
1228.489	132.04
1230.09	124.76
1231.691	126.84
1233.292	119.56
1234.892	119.56
1236.492	121.64
1238.092	112.28
1239.692	119.56
1241.292	110.2
1242.892	112.28
1244.491	109.16
1246.09	109.16
1247.689	108.12
1249.288	109.16
1250.887	108.12
1252.485	107.09
1254.084	103.97
1255.682	103.97
1257.28	95.65
1258.878	93.57
1260.475	92.53
1262.073	93.57
1263.67	88.37
1265.267	90.45
1266.864	89.41
1268.461	88.37
1270.057	89.41
1271.654	83.17
1273.25	74.86
1274.846	81.09
1276.442	72.78
1278.037	80.05
1279.633	79.01
1281.228	79.01
1282.823	72.78
1284.418	72.78
1286.013	77.97
1287.608	70.7
1289.202	73.82
1290.796	66.54
1292.39	67.58
1293.984	66.54
1295.577	64.46
1297.171	59.26
1298.764	60.3
1300.357	57.18
1301.95	56.14
1303.543	51.98
1305.135	62.38
1306.728	58.22
1308.32	56.14
1309.912	53.02
1311.503	55.1
1313.095	55.1
1314.686	48.86
1316.277	45.75
1317.868	49.9
1319.459	45.75
1321.05	48.86
1322.64	42.63
1324.23	50.94
1325.82	46.78
1327.41	35.35
1329	35.35
1330.589	42.63
1332.179	39.51
1333.768	41.59
1335.357	36.39
1336.945	40.55
1338.534	40.55
1340.122	28.07
1341.71	35.35
1343.298	35.35
1344.886	38.47
1346.473	32.23
1348.06	23.91
1349.648	30.15
1351.234	36.39
1352.821	36.39
1354.408	33.27
1355.994	31.19
1357.58	37.43
1359.166	29.11
1360.752	27.03
1362.337	22.87
1363.923	21.83
1365.508	31.19
1367.093	29.11
1368.677	21.83
1370.262	28.07
1371.846	23.91
1373.43	22.87
1375.014	24.95
1376.598	27.03
1378.181	17.67
1379.765	24.95
1381.348	27.03
1382.931	22.87
1384.513	21.83
1386.096	21.83
1387.678	32.23
1389.26	27.03
1390.842	18.71
1392.424	21.83
1394.005	24.95
1395.586	25.99
1397.168	19.75
1398.748	20.79
1400.329	18.71
1401.909	22.87
1403.49	21.83
1405.07	15.59
1406.649	21.83
1408.229	18.71
1409.808	16.63
1411.388	22.87
1412.967	23.91
1414.545	22.87
1416.124	17.67
1417.702	18.71
1419.28	18.71
1420.858	20.79
1422.436	21.83
1424.013	19.75
1425.591	18.71
1427.168	21.83
1428.745	21.83
1430.321	21.83
1431.898	14.56
1433.474	25.99
1435.05	16.63
1436.626	17.67
1438.201	12.48
1439.777	12.48
1441.352	18.71
1442.927	19.75
1444.501	15.59
1446.076	17.67
1447.65	18.71
1449.224	22.87
1450.798	20.79
1452.372	17.67
1453.945	16.63
1455.518	24.95
1457.091	18.71
1458.664	20.79
1460.236	22.87
1461.809	27.03
1463.381	17.67
1464.953	22.87
1466.524	17.67
1468.096	20.79
1469.667	19.75
1471.238	17.67
1472.809	16.63
1474.379	20.79
1475.949	23.91
1477.519	18.71
1479.089	22.87
1480.659	20.79
1482.228	24.95
1483.798	13.52
1485.366	19.75
1486.935	14.56
1488.504	24.95
1490.072	25.99
1491.64	20.79
1493.208	19.75
1494.776	22.87
1496.343	24.95
1497.91	20.79
1499.477	20.79
1501.044	27.03
1502.61	42.63
1504.176	74.86
1505.742	100.85
1507.308	135.16
1508.874	151.79
1510.439	169.46
1512.004	152.83
1513.569	145.55
1515.134	116.44
1516.698	87.33
1518.262	61.34
1519.826	42.63
1521.39	21.83
1522.953	18.71
1524.517	16.63
1526.08	27.03
1527.642	18.71
1529.205	16.63
1530.767	17.67
1532.329	21.83
1533.891	15.59
1535.453	13.52
1537.014	19.75
1538.575	17.67
1540.136	23.91
1541.697	12.48
1543.257	20.79
1544.817	14.56
1546.377	16.63
1547.937	19.75
1549.497	24.95
1551.056	20.79
1552.615	18.71
1554.174	16.63
1555.732	25.99
1557.29	25.99
1558.848	23.91
1560.406	11.44
1561.964	19.75
1563.521	13.52
1565.078	16.63
1566.635	17.67
1568.192	16.63
1569.748	16.63
1571.304	21.83
1572.86	14.56
1574.416	20.79
1575.971	17.67
1577.526	22.87
1579.081	18.71
1580.636	13.52
1582.19	16.63
1583.744	18.71
1585.298	24.95
1586.852	17.67
1588.405	18.71
1589.958	21.83
1591.511	27.03
1593.064	20.79
1594.616	17.67
1596.169	27.03
1597.721	32.23
1599.272	44.71
1600.824	51.98
1602.375	76.93
1603.926	88.37
1605.477	110.2
1607.027	129.96
1608.577	151.79
1610.127	158.03
1611.677	176.74
1613.226	194.42
1614.775	197.54
1616.324	206.89
1617.873	216.25
1619.422	224.57
1620.97	232.88
1622.518	246.4
1624.065	247.44
1625.613	260.95
1627.16	268.23
1628.707	276.55
1630.253	297.34
1631.8	302.54
1633.346	306.7
1634.892	329.57
1636.438	331.65
1637.983	350.37
1639.528	365.96
1641.073	371.16
1642.618	381.56
1644.162	392.99
1645.706	410.67
1647.25	434.58
1648.793	441.86
1650.337	459.53
1651.88	478.24
1653.423	490.72
1654.965	512.55
1656.507	526.07
1658.049	553.1
1659.591	566.61
1661.133	583.25
1662.674	605.08
1664.215	632.11
1665.756	642.51
1667.296	665.38
1668.836	685.14
1670.376	704.89
1671.916	727.76
1673.455	749.6
1674.994	778.71
1676.533	794.3
1678.072	816.13
1679.61	847.32
1681.148	869.16
1682.686	892.03
1684.224	925.3
1685.761	945.05
1687.298	972.08
1688.835	1004.31
1690.371	1030.3
1691.907	1057.33
1693.443	1084.37
1694.979	1115.56
1696.514	1156.1
1698.049	1184.17
1699.584	1211.2
1701.119	1242.39
1702.653	1274.62
1704.187	1311.01
1705.721	1339.08
1707.255	1374.43
1708.788	1408.74
1710.321	1445.13
