898.735	16880.97
900.365	17229.25
901.994	17577.54
903.623	17853.05
905.253	18185.74
906.882	18449.82
908.511	18751.32
910.14	19001.88
911.768	19285.7
913.397	19595.52
915.026	19983.31
916.654	20440.77
918.282	21113.43
919.911	21860.94
921.539	22723.86
923.167	23575.34
924.795	24401.87
926.422	25091.17
928.05	25648.42
929.678	26052.85
931.305	26300.29
932.932	26392.82
934.56	26363.71
936.187	26297.17
937.814	26176.57
939.44	26048.69
941.067	25900.02
942.694	25743.03
944.32	25559.01
945.947	25335.49
947.573	25055.82
949.199	24689.86
950.825	24240.72
952.451	23664.75
954.077	22985.85
955.703	22240.42
957.328	21477.31
958.954	20668.45
960.579	19964.6
962.204	19239.96
963.829	18608.88
965.454	18013.16
967.079	17532.83
968.704	17109.69
970.329	16811.31
971.953	16601.3
973.578	16532.68
975.202	16584.66
976.826	16784.28
978.45	17019.24
980.074	17225.1
981.698	17331.14
983.321	17320.74
984.945	17233.41
986.568	17062.91
988.191	16708.38
989.815	16289.4
991.438	15845.47
993.061	15511.73
994.683	15114.58
996.306	14763.18
997.929	14459.6
999.551	14265.18
1001.173	14215.28
1002.795	14309.89
1004.417	14598.91
1006.039	15134.34
1007.661	15940.07
1009.283	16879.93
1010.904	17862.41
1012.526	18632.8
1014.147	19003.95
1015.768	18965.49
1017.389	18529.87
1019.01	17765.72
1020.63	16795.72
1022.251	15841.31
1023.871	15039.73
1025.492	14428.41
1027.112	14069.73
1028.732	13760.95
1030.352	13486.48
1031.972	13228.64
1033.591	13050.86
1035.211	12830.45
1036.83	12519.59
1038.45	12130.76
1040.069	11624.44
1041.688	11053.67
1043.307	10420.52
1044.925	9726.02
1046.544	9056.48
1048.162	8439.96
1049.781	7920.13
1051.399	7500.11
1053.017	7128.95
1054.635	6809.78
1056.253	6520.75
1057.87	6252.52
1059.488	5983.25
1061.105	5736.85
1062.722	5501.88
1064.339	5301.23
1065.956	5091.22
1067.573	4913.44
1069.19	4734.61
1070.806	4586.98
1072.423	4436.23
1074.039	4316.67
1075.655	4176.32
1077.271	4050.52
1078.887	3924.72
1080.502	3817.63
1082.118	3701.19
1083.733	3599.3
1085.348	3491.18
1086.963	3387.21
1088.578	3282.21
1090.193	3182.4
1091.808	3083.63
1093.422	2991.1
1095.037	2888.18
1096.651	2795.65
1098.265	2690.64
1099.879	2603.31
1101.493	2512.86
1103.106	2422.41
1104.72	2325.72
1106.333	2244.63
1107.946	2154.18
1109.559	2094.92
1111.172	2013.82
1112.785	1944.17
1114.398	1866.19
1116.01	1797.57
1117.622	1735.19
1119.234	1670.73
1120.846	1599
1122.458	1544.94
1124.07	1480.48
1125.681	1418.1
1127.293	1351.56
1128.904	1300.62
1130.515	1243.43
1132.126	1187.29
1133.737	1134.27
1135.347	1076.05
1136.958	1028.22
1138.568	959.61
1140.178	910.74
1141.788	851.48
1143.398	799.5
1145.008	751.67
1146.617	698.65
1148.227	642.51
1149.836	597.8
1151.445	555.18
1153.054	517.75
1154.663	484.48
1156.271	447.05
1157.88	425.22
1159.488	392.99
1161.096	373.24
1162.704	359.72
1164.312	343.09
1165.92	330.61
1167.527	322.29
1169.134	306.7
1170.741	295.26
1172.348	285.91
1173.955	283.83
1175.562	270.31
1177.168	264.07
1178.775	261.99
1180.381	254.72
1181.987	243.28
1183.593	239.12
1185.199	232.88
1186.804	230.8
1188.409	223.53
1190.015	216.25
1191.62	207.93
1193.225	212.09
1194.829	204.81
1196.434	201.69
1198.038	194.42
1199.642	195.46
1201.246	193.38
1202.85	182.98
1204.454	176.74
1206.057	176.74
1207.661	174.66
1209.264	164.27
1210.867	166.35
1212.47	165.31
1214.073	159.07
1215.675	153.87
1217.277	151.79
1218.88	149.71
1220.482	143.47
1222.083	141.39
1223.685	146.59
1225.287	139.31
1226.888	135.16
1228.489	133.08
1230.09	125.8
1231.691	125.8
1233.292	126.84
1234.892	115.4
1236.492	129.96
1238.092	118.52
1239.692	115.4
1241.292	120.6
1242.892	110.2
1244.491	115.4
1246.09	114.36
1247.689	110.2
1249.288	110.2
1250.887	105.01
1252.485	102.93
1254.084	96.69
1255.682	105.01
1257.28	95.65
1258.878	93.57
1260.475	94.61
1262.073	92.53
1263.67	91.49
1265.267	94.61
1266.864	86.29
1268.461	91.49
1270.057	84.21
1271.654	81.09
1273.25	76.93
1274.846	83.17
1276.442	74.86
1278.037	82.13
1279.633	81.09
1281.228	77.97
1282.823	74.86
1284.418	75.9
1286.013	76.93
1287.608	65.5
1289.202	70.7
1290.796	62.38
1292.39	66.54
1293.984	67.58
1295.577	64.46
1297.171	61.34
1298.764	65.5
1300.357	59.26
1301.95	58.22
1303.543	54.06
1305.135	57.18
1306.728	63.42
1308.32	50.94
1309.912	48.86
1311.503	50.94
1313.095	51.98
1314.686	46.78
1316.277	39.51
1317.868	45.75
1319.459	47.82
1321.05	46.78
1322.64	49.9
1324.23	45.75
1325.82	47.82
1327.41	36.39
1329	37.43
1330.589	36.39
1332.179	37.43
1333.768	41.59
1335.357	36.39
1336.945	37.43
1338.534	35.35
1340.122	35.35
1341.71	35.35
1343.298	33.27
1344.886	43.67
1346.473	27.03
1348.06	28.07
1349.648	34.31
1351.234	32.23
1352.821	28.07
1354.408	29.11
1355.994	29.11
1357.58	29.11
1359.166	27.03
1360.752	24.95
1362.337	18.71
1363.923	20.79
1365.508	24.95
1367.093	27.03
1368.677	20.79
1370.262	28.07
1371.846	22.87
1373.43	20.79
1375.014	21.83
1376.598	24.95
1378.181	20.79
1379.765	21.83
1381.348	30.15
1382.931	13.52
1384.513	23.91
1386.096	17.67
1387.678	30.15
1389.26	28.07
1390.842	20.79
1392.424	21.83
1394.005	20.79
1395.586	22.87
1397.168	18.71
1398.748	23.91
1400.329	18.71
1401.909	13.52
1403.49	20.79
1405.07	18.71
1406.649	18.71
1408.229	19.75
1409.808	16.63
1411.388	12.48
1412.967	21.83
1414.545	14.56
1416.124	14.56
1417.702	17.67
1419.28	20.79
1420.858	15.59
1422.436	17.67
1424.013	21.83
1425.591	20.79
1427.168	20.79
1428.745	18.71
1430.321	24.95
1431.898	16.63
1433.474	24.95
1435.05	23.91
1436.626	23.91
1438.201	18.71
1439.777	11.44
1441.352	10.4
1442.927	18.71
1444.501	18.71
1446.076	19.75
1447.65	17.67
1449.224	23.91
1450.798	19.75
1452.372	22.87
1453.945	18.71
1455.518	19.75
1457.091	19.75
1458.664	17.67
1460.236	21.83
1461.809	29.11
1463.381	17.67
1464.953	18.71
1466.524	21.83
1468.096	19.75
1469.667	21.83
1471.238	18.71
1472.809	17.67
1474.379	20.79
1475.949	19.75
1477.519	17.67
1479.089	25.99
1480.659	18.71
1482.228	24.95
1483.798	17.67
1485.366	20.79
1486.935	20.79
1488.504	23.91
1490.072	22.87
1491.64	20.79
1493.208	19.75
1494.776	28.07
1496.343	20.79
1497.91	22.87
1499.477	22.87
1501.044	27.03
1502.61	46.78
1504.176	72.78
1505.742	102.93
1507.308	135.16
1508.874	152.83
1510.439	173.62
1512.004	152.83
1513.569	145.55
1515.134	122.68
1516.698	86.29
1518.262	65.5
1519.826	45.75
1521.39	22.87
1522.953	24.95
1524.517	22.87
1526.08	22.87
1527.642	22.87
1529.205	18.71
1530.767	20.79
1532.329	24.95
1533.891	18.71
1535.453	14.56
1537.014	19.75
1538.575	22.87
1540.136	21.83
1541.697	21.83
1543.257	19.75
1544.817	20.79
1546.377	16.63
1547.937	22.87
1549.497	20.79
1551.056	21.83
1552.615	17.67
1554.174	20.79
1555.732	18.71
1557.29	24.95
1558.848	24.95
1560.406	15.59
1561.964	22.87
1563.521	13.52
1565.078	17.67
1566.635	15.59
1568.192	14.56
1569.748	15.59
1571.304	18.71
1572.86	12.48
1574.416	20.79
1575.971	21.83
1577.526	17.67
1579.081	19.75
1580.636	14.56
1582.19	14.56
1583.744	21.83
1585.298	23.91
1586.852	24.95
1588.405	20.79
1589.958	27.03
1591.511	20.79
1593.064	22.87
1594.616	22.87
1596.169	28.07
1597.721	33.27
1599.272	43.67
1600.824	51.98
1602.375	80.05
1603.926	94.61
1605.477	112.28
1607.027	137.24
1608.577	153.87
1610.127	164.27
1611.677	180.9
1613.226	202.73
1614.775	205.85
1616.324	218.33
1617.873	224.57
1619.422	228.73
1620.97	232.88
1622.518	248.48
1624.065	256.8
1625.613	263.03
1627.16	274.47
1628.707	286.95
1630.253	298.38
1631.8	308.78
1633.346	316.06
1634.892	328.53
1636.438	336.85
1637.983	350.37
1639.528	363.88
1641.073	373.24
1642.618	389.87
1644.162	401.31
1645.706	413.78
1647.25	439.78
1648.793	444.97
1650.337	459.53
1651.88	482.4
1653.423	488.64
1654.965	512.55
1656.507	521.91
1658.049	547.9
1659.591	561.42
1661.133	578.05
1662.674	596.77
1664.215	616.52
1665.756	634.19
1667.296	657.07
1668.836	676.82
1670.376	689.29
1671.916	713.21
1673.455	739.2
1674.994	755.83
1676.533	779.75
1678.072	796.38
1679.61	826.53
1681.148	843.16
1682.686	872.28
1684.224	895.15
1685.761	918.02
1687.298	945.05
1688.835	972.08
1690.371	999.11
1691.907	1023.03
1693.443	1044.86
1694.979	1081.25
1696.514	1118.67
1698.049	1143.63
1699.584	1167.54
1701.119	1199.77
1702.653	1226.8
1704.187	1259.03
1705.721	1291.26
1707.255	1325.57
1708.788	1350.52
1710.321	1391.07
