898.735	17108.65
900.365	17455.9
901.994	17800.03
903.623	18068.26
905.253	18385.36
906.882	18658.79
908.511	18947.81
910.14	19185.89
911.768	19459.33
913.397	19763.95
915.026	20140.3
916.654	20584.24
918.282	21255.86
919.911	21996.1
921.539	22853.82
923.167	23685.55
924.795	24532.87
926.422	25214.89
928.05	25786.7
929.678	26189.05
931.305	26451.04
932.932	26560.21
934.56	26557.09
936.187	26505.1
937.814	26421.93
939.44	26350.2
941.067	26247.27
942.694	26159.94
944.32	26049.73
945.947	25917.7
947.573	25704.57
949.199	25396.83
950.825	24976.8
952.451	24400.83
954.077	23702.18
955.703	22901.64
957.328	22093.83
958.954	21229.87
960.579	20508.34
962.204	19778.5
963.829	19156.78
965.454	18582.89
967.079	18131.68
968.704	17745.97
970.329	17489.17
971.953	17335.3
973.578	17370.65
975.202	17580.66
976.826	18017.32
978.45	18503.88
980.074	18909.35
981.698	19170.3
983.321	19254.51
984.945	19190.05
986.568	18996.68
988.191	18523.63
989.815	17963.25
991.438	17390.4
993.061	16950.62
994.683	16453.67
996.306	16017.01
997.929	15646.89
999.551	15433.76
1001.173	15444.16
1002.795	15661.45
1004.417	16175.04
1006.039	17068.11
1007.661	18374.96
1009.283	19910.54
1010.904	21499.14
1012.526	22724.9
1014.147	23353.89
1015.768	23325.82
1017.389	22697.87
1019.01	21567.76
1020.63	20153.82
1022.251	18766.91
1023.871	17645.12
1025.492	16821.71
1027.112	16367.38
1028.732	16001.41
1030.352	15694.71
1031.972	15411.93
1033.591	15222.71
1035.211	14972.15
1036.83	14600.99
1038.45	14104.03
1040.069	13455.29
1041.688	12702.57
1043.307	11825.1
1044.925	10894.6
1046.544	9996.34
1048.162	9186.44
1049.781	8516.9
1051.399	7982.51
1053.017	7528.18
1054.635	7142.47
1056.253	6795.22
1057.87	6470.85
1059.488	6153.75
1061.105	5868.88
1062.722	5591.29
1064.339	5356.33
1065.956	5118.25
1067.573	4921.75
1069.19	4726.3
1070.806	4562.03
1072.423	4407.12
1074.039	4282.36
1075.655	4144.09
1077.271	4008.93
1078.887	3892.49
1080.502	3788.52
1082.118	3678.32
1083.733	3574.35
1085.348	3461.03
1086.963	3362.26
1088.578	3261.42
1090.193	3166.81
1091.808	3073.24
1093.422	2980.71
1095.037	2878.82
1096.651	2785.25
1098.265	2670.89
1099.879	2584.6
1101.493	2487.91
1103.106	2401.62
1104.72	2310.13
1106.333	2222.79
1107.946	2135.46
1109.559	2075.16
1111.172	1996.15
1112.785	1919.21
1114.398	1852.68
1116.01	1780.94
1117.622	1716.48
1119.234	1649.94
1120.846	1583.4
1122.458	1532.46
1124.07	1474.24
1125.681	1408.74
1127.293	1341.16
1128.904	1294.38
1130.515	1226.8
1132.126	1177.94
1133.737	1124.91
1135.347	1062.53
1136.958	1017.83
1138.568	961.69
1140.178	905.54
1141.788	847.32
1143.398	798.46
1145.008	761.03
1146.617	704.89
1148.227	648.75
1149.836	606.12
1151.445	571.81
1153.054	534.39
1154.663	492.8
1156.271	455.37
1157.88	437.7
1159.488	406.51
1161.096	379.48
1162.704	370.12
1164.312	353.48
1165.92	337.89
1167.527	325.41
1169.134	310.86
1170.741	293.18
1172.348	296.3
1173.955	286.95
1175.562	271.35
1177.168	268.23
1178.775	259.92
1180.381	251.6
1181.987	242.24
1183.593	241.2
1185.199	234.96
1186.804	220.41
1188.409	221.45
1190.015	207.93
1191.62	205.85
1193.225	203.77
1194.829	194.42
1196.434	199.61
1198.038	190.26
1199.642	191.3
1201.246	191.3
1202.85	179.86
1204.454	176.74
1206.057	178.82
1207.661	168.43
1209.264	162.19
1210.867	162.19
1212.47	153.87
1214.073	153.87
1215.675	151.79
1217.277	145.55
1218.88	145.55
1220.482	141.39
1222.083	132.04
1223.685	140.35
1225.287	133.08
1226.888	133.08
1228.489	131
1230.09	127.88
1231.691	122.68
1233.292	122.68
1234.892	125.8
1236.492	123.72
1238.092	116.44
1239.692	117.48
1241.292	103.97
1242.892	108.12
1244.491	105.01
1246.09	109.16
1247.689	108.12
1249.288	109.16
1250.887	100.85
1252.485	102.93
1254.084	97.73
1255.682	108.12
1257.28	97.73
1258.878	100.85
1260.475	94.61
1262.073	95.65
1263.67	89.41
1265.267	89.41
1266.864	83.17
1268.461	89.41
1270.057	91.49
1271.654	83.17
1273.25	73.82
1274.846	82.13
1276.442	71.74
1278.037	75.9
1279.633	81.09
1281.228	76.93
1282.823	72.78
1284.418	79.01
1286.013	75.9
1287.608	68.62
1289.202	73.82
1290.796	70.7
1292.39	66.54
1293.984	66.54
1295.577	68.62
1297.171	62.38
1298.764	62.38
1300.357	56.14
1301.95	58.22
1303.543	53.02
1305.135	58.22
1306.728	55.1
1308.32	58.22
1309.912	46.78
1311.503	51.98
1313.095	51.98
1314.686	50.94
1316.277	43.67
1317.868	47.82
1319.459	49.9
1321.05	38.47
1322.64	47.82
1324.23	44.71
1325.82	46.78
1327.41	41.59
1329	38.47
1330.589	42.63
1332.179	34.31
1333.768	39.51
1335.357	33.27
1336.945	37.43
1338.534	36.39
1340.122	33.27
1341.71	38.47
1343.298	24.95
1344.886	36.39
1346.473	28.07
1348.06	27.03
1349.648	27.03
1351.234	32.23
1352.821	32.23
1354.408	29.11
1355.994	29.11
1357.58	27.03
1359.166	22.87
1360.752	32.23
1362.337	23.91
1363.923	16.63
1365.508	24.95
1367.093	18.71
1368.677	22.87
1370.262	25.99
1371.846	18.71
1373.43	22.87
1375.014	20.79
1376.598	18.71
1378.181	27.03
1379.765	15.59
1381.348	27.03
1382.931	15.59
1384.513	20.79
1386.096	20.79
1387.678	23.91
1389.26	22.87
1390.842	18.71
1392.424	15.59
1394.005	22.87
1395.586	17.67
1397.168	19.75
1398.748	14.56
1400.329	16.63
1401.909	17.67
1403.49	21.83
1405.07	13.52
1406.649	15.59
1408.229	17.67
1409.808	12.48
1411.388	16.63
1412.967	19.75
1414.545	22.87
1416.124	15.59
1417.702	13.52
1419.28	14.56
1420.858	15.59
1422.436	13.52
1424.013	17.67
1425.591	17.67
1427.168	21.83
1428.745	14.56
1430.321	22.87
1431.898	15.59
1433.474	19.75
1435.05	20.79
1436.626	21.83
1438.201	8.32
1439.777	12.48
1441.352	13.52
1442.927	15.59
1444.501	20.79
1446.076	18.71
1447.65	15.59
1449.224	21.83
1450.798	23.91
1452.372	18.71
1453.945	16.63
1455.518	18.71
1457.091	18.71
1458.664	18.71
1460.236	19.75
1461.809	27.03
1463.381	21.83
1464.953	17.67
1466.524	18.71
1468.096	20.79
1469.667	18.71
1471.238	20.79
1472.809	18.71
1474.379	18.71
1475.949	14.56
1477.519	17.67
1479.089	17.67
1480.659	18.71
1482.228	20.79
1483.798	15.59
1485.366	15.59
1486.935	16.63
1488.504	21.83
1490.072	22.87
1491.64	22.87
1493.208	16.63
1494.776	20.79
1496.343	19.75
1497.91	20.79
1499.477	22.87
1501.044	24.95
1502.61	44.71
1504.176	72.78
1505.742	97.73
1507.308	131
1508.874	151.79
1510.439	166.35
1512.004	148.67
1513.569	142.43
1515.134	113.32
1516.698	83.17
1518.262	65.5
1519.826	41.59
1521.39	20.79
1522.953	19.75
1524.517	12.48
1526.08	20.79
1527.642	16.63
1529.205	15.59
1530.767	22.87
1532.329	19.75
1533.891	18.71
1535.453	11.44
1537.014	18.71
1538.575	21.83
1540.136	19.75
1541.697	20.79
1543.257	19.75
1544.817	12.48
1546.377	15.59
1547.937	21.83
1549.497	19.75
1551.056	21.83
1552.615	15.59
1554.174	15.59
1555.732	18.71
1557.29	22.87
1558.848	19.75
1560.406	12.48
1561.964	28.07
1563.521	10.4
1565.078	17.67
1566.635	17.67
1568.192	12.48
1569.748	12.48
1571.304	18.71
1572.86	18.71
1574.416	20.79
1575.971	18.71
1577.526	18.71
1579.081	19.75
1580.636	10.4
1582.19	15.59
1583.744	15.59
1585.298	20.79
1586.852	22.87
1588.405	18.71
1589.958	22.87
1591.511	22.87
1593.064	16.63
1594.616	17.67
1596.169	20.79
1597.721	28.07
1599.272	42.63
1600.824	47.82
1602.375	76.93
1603.926	86.29
1605.477	106.05
1607.027	126.84
1608.577	147.63
1610.127	155.95
1611.677	170.5
1613.226	186.1
1614.775	191.3
1616.324	203.77
1617.873	210.01
1619.422	214.17
1620.97	224.57
1622.518	236
1624.065	232.88
1625.613	249.52
1627.16	259.92
1628.707	270.31
1630.253	284.87
1631.8	293.18
1633.346	299.42
1634.892	318.14
1636.438	324.37
1637.983	331.65
1639.528	350.37
1641.073	356.6
1642.618	370.12
1644.162	384.67
1645.706	404.43
1647.25	420.02
1648.793	432.5
1650.337	444.97
1651.88	467.85
1653.423	474.09
1654.965	504.24
1656.507	511.51
1658.049	542.7
1659.591	554.14
1661.133	565.58
1662.674	592.61
1664.215	611.32
1665.756	621.72
1667.296	651.87
1668.836	664.34
1670.376	687.22
1671.916	702.81
1673.455	728.8
1674.994	755.83
1676.533	773.51
1678.072	793.26
1679.61	820.29
1681.148	845.24
1682.686	870.2
1684.224	898.27
1685.761	918.02
1687.298	942.97
1688.835	975.2
1690.371	1001.19
1691.907	1025.11
1693.443	1053.18
1694.979	1081.25
1696.514	1111.4
1698.049	1144.67
1699.584	1175.86
1701.119	1209.13
1702.653	1237.2
1704.187	1269.43
1705.721	1299.58
1707.255	1338.04
1708.788	1370.27
1710.321	1404.58
